252013.12798618 7173014.63428328
251583.29613855 7173068.33458467
251443.60084126 7173154.25508294
251239.43072124 7173283.13583034
250970.78585446 7173336.83613174
250788.10734202 7173250.91563347
250723.63259527 7173164.9951352
250573.1914182 7173186.47527982
250519.46247524 7173293.8758826
250422.75031712 7173315.35598712
250229.32600089 7173261.65568572
250207.83439331 7173164.9951352
250100.3764314 7173079.07467703
250089.63062762 7172939.45387737
250121.86803898 7172767.61288083
250197.08858952 7172703.17252718
250186.34278573 7172606.51197666
250003.66427329 7172606.51197666
249208.47547676 7172477.63122925
249122.50912243 7172531.33153065
249122.50912243 7172552.81167526
249176.23806539 7172627.99208117
249197.72967296 7172703.17252718
249068.78010348 7172939.45387737
249068.78010348 7173036.1144279
248853.86425565 7173186.47527982
248800.13523671 7173336.83613174
248853.86425565 7173497.93703591
248939.83060998 7173487.19698366
249079.52590727 7173433.49668226
249240.71288812 7173476.4569314
249272.9502235 7173648.29788783
249197.72967296 7173873.83918576
249262.20441971 7173991.9798408
249584.57830544 7173981.23978855
249702.78207113 7174045.6801422
249735.01940651 7174507.50279031
249713.52779893 7174593.42324848
249939.18952654 7174582.68319622
250057.39329223 7174432.3223443
250218.5801971 7174421.58229205
250390.51290576 7174496.76269795
250745.12412686 7174571.94314397
251024.51479742 7174754.52419276
251024.51479742 7174969.32539833
250949.29424688 7175108.94619799
250659.15777253 7175162.64649938
250315.29235522 7175248.56699765
250207.83439331 7175313.0073513
250293.80074764 7175302.26729904
250766.61573444 7175313.0073513
250809.5989496 7175388.18775721
250766.61573444 7175742.60980254
250702.14098769 7176000.37125725
250379.76710197 7176182.95230604
250412.00451334 7176204.43241056
250788.10734202 7176182.95230604
250874.07369635 7175935.9309036
251346.88868314 7175420.40795409
251475.83817664 7175409.66790183
251561.80460696 7175581.50885826
251841.19520153 7175538.54860913
251841.19520153 7175323.74740356
251894.92422048 7175323.74740356
251970.14477102 7175323.74740356
251991.6363786 7175270.04710217
251916.41582806 7175227.08685303
251765.974651 7175216.34680077
251722.99151182 7174690.08379901
251701.49990425 7174357.14189829
251808.95786615 7174271.22144013
252013.12798618 7174292.70154464
252142.07747968 7174518.24284257
252249.53544158 7174528.98289483
252314.01018833 7174507.50279031
252399.97654266 7174582.68319622
252475.19716919 7174571.94314397
252496.68870078 7174281.96149238
252668.62148542 7174153.08074498
252786.82517513 7174163.82083734
252797.57097892 7174271.22144013
252926.52054841 7174292.70154464
252958.75788379 7174185.30094186
253291.8775733 7174260.48138787
253517.53922491 7174453.80244882
253539.03083249 7174668.60369449
253431.57287059 7174786.74434953
253420.8270668 7175076.72600111
253313.36918088 7175173.38655164
252808.31678271 7175560.02875375
252829.80839029 7175721.12965792
252894.28313704 7175678.16940879
253001.74109894 7175613.72905514
253216.65702276 7175581.50885826
253399.3355352 7175581.50885826
253528.2850287 7175441.8880987
253582.01404765 7175431.14800634
253646.4887944 7175495.5884001
253710.96354115 7175828.53026071
253689.47200956 7176118.51191229
253582.01404765 7176419.23361613
253657.23459819 7176505.1541144
253764.69256009 7176526.63425901
253915.13366117 7176440.71376075
254054.82903445 7176612.55471718
254001.1000155 7176827.35596285
254452.42339472 7177085.11741756
254398.69445176 7177536.19997331
254151.54119257 7177751.00117888
253603.50565523 7178019.50272595
253958.11687633 7178040.98283046
253990.35421171 7178513.54553084
254301.98229364 7178137.64338099
254463.16919851 7178040.98283046
254645.84771096 7177998.02258133
254667.33931853 7177740.26112662
254882.25524235 7177568.42017019
254957.47579289 7177579.16022245
255032.69634343 7177450.27947504
255129.40850154 7177342.87887226
255247.61226724 7177332.13882
255279.84960262 7177461.0195273
255236.86646345 7178008.76267369
254785.54308423 7178846.48743155
254119.3037812 7179555.33144201
253872.150522 7179555.33144201
253850.65891442 7179630.51188802
253893.64205359 7179694.95224167
253796.92989548 7179834.57304134
253517.53922491 7179941.97364412
253334.86071247 7179920.4934995
253195.16541518 7179984.93389325
253066.21584569 7180092.33449604
253023.23270652 7180188.99504657
254140.79538878 7180188.99504657
254355.7112366 7180070.85435142
254430.93186313 7180070.85435142
254516.89821746 7180113.81460056
254532.1485315 7180119.91148118
254547.41810262 7180223.68918542
254508.27639245 7180510.57538177
254469.13460629 7180627.9379221
254547.41810262 7180738.78030794
254599.60710017 7180980.02554311
254527.84720954 7181123.46866133
254390.85118595 7181175.629777
254449.5637892 7181253.87147056
254429.99289612 7181345.15343301
254182.09527172 7181527.71739801
254123.38266847 7181651.60009284
254142.95348556 7181821.12374885
254032.05196075 7181912.4057113
253829.81965222 7181873.28486452
253725.4417331 7181853.72444113
253705.87084002 7181892.84528791
253647.15823677 7181984.12729046
253529.73303027 7182042.80856063
253281.83540587 7182277.5336413
253281.83540587 7182323.17460247
253418.83142946 7182264.49333231
253627.58734369 7182160.17110096
253829.81965222 7182134.09052308
254182.09527172 7182016.72798274
254384.32750426 7182023.24813724
254501.75271077 7182088.4495218
254566.98891971 7182244.93290892
254664.84330912 7182271.0134868
254814.8866201 7182323.17460247
254925.78814492 7182570.93999214
254899.69372213 7182688.30253248
254730.07951807 7182792.62476382
254557.28899615 7182840.61157861
254346.57422212 7182910.81237924
254053.9147631 7183273.51641556
253983.67650509 7183519.2191576
253983.67650509 7183647.92060537
254077.3275411 7183589.41995823
254159.27215011 7183495.81889073
254217.80405711 7183402.21786333
254276.33596412 7183355.41732958
254346.57422212 7183285.21656905
254416.81248013 7183250.11614869
254686.05916116 7183086.31432066
254967.01219319 7182945.9127595
255130.9014872 7182852.3117321
255236.25887421 7182676.80975058
255294.79078122 7182618.30910345
255482.09277724 7182653.40952381
255610.86294225 7182653.40952381
255622.56929326 7182594.90883657
255528.91833324 7182466.20742891
255388.44174123 7182302.40560088
255072.3695802 7182080.10312571
254896.77393518 7181963.10179133
254803.12289917 7181775.89969643
254943.59941519 7181787.59984992
255130.9014872 7181822.70023018
255177.72696721 7181717.39904929
255072.3695802 7181612.0978684
254990.42497119 7181530.19695438
255002.13132219 7181378.09527984
255025.54410019 7181202.59329833
255060.66322919 7180980.29082316
255119.19506021 7180910.09006263
255247.96522522 7180886.68979576
255329.90991022 7180956.89055628
255283.08435422 7181050.49162378
255400.14816823 7181108.99227092
255482.09277724 7181050.49162378
255435.26729723 7180874.98964227
255329.90991022 7180757.98834799
255189.4333942 7180652.6871671
255095.7823582 7180523.98575944
255095.7823582 7180418.68457855
255236.25887421 7180278.28301739
255224.55252321 7180172.9818365
255294.79078122 7180009.18000847
255353.32261223 7179903.87882758
255306.49713222 7179821.97791357
255292.05105235 7179800.32035382
255473.27391886 7179770.13264758
255430.29077968 7179630.51188802
255344.32442536 7179437.19078697
255419.5449759 7179362.01034096
255301.3412102 7179233.12959356
255344.32442536 7179147.20913539
255645.2067035 7179018.32838799
255731.17305783 7179039.80853261
255741.91878563 7178857.22748381
255827.88521594 7178792.78713016
255956.83470944 7178782.0470378
255784.90200079 7178706.86663189
255688.18984267 7178567.24583223
255881.6141589 7178535.02563535
255892.35996269 7178363.18467892
255946.08890565 7178159.12352561
255935.34310186 7178008.76267369
255989.07212081 7177901.3620308
256053.54686756 7177847.66172941
256032.05525998 7177740.26112662
256085.78427893 7177622.12047158
256139.51322189 7177654.34062836
256171.75063326 7177783.22137576
256311.44593055 7178159.12352561
256311.44593055 7178223.56387926
256375.92075328 7178384.66478343
256429.64969624 7178481.32533396
256483.3786392 7178631.68618588
256397.41228487 7178932.40788972
256429.64969624 7179093.508834
256397.41228487 7179211.64948904
256526.36185436 7179125.72899077
256558.59926573 7179200.90943678
256601.5824049 7179254.60973818
256773.51511356 7179630.51188802
256752.02358196 7179759.39259532
256848.73574008 7179823.83294898
256902.46468304 7179770.13264758
256848.73574008 7179737.91249081
256837.98993629 7179684.21218942
256870.22727167 7179619.77179566
256870.22727167 7179523.11124514
256816.49832871 7179383.49048558
256870.22727167 7179243.86968592
256837.98993629 7179136.46908313
256784.26091734 7179029.06844025
256795.00672113 7178900.18773295
256870.22727167 7178792.78713016
256891.71887925 7178739.08678867
256891.71887925 7178599.46602911
256816.49832871 7178513.54553084
256752.02358196 7178341.7045343
256816.49832871 7178234.30393152
256945.4478982 7178191.34368238
257009.92264495 7178180.60363012
256945.4478982 7178083.9430796
256773.51511356 7177998.02258133
256698.29456302 7177697.30087749
256676.80295544 7177546.94002557
256795.00672113 7177396.57917365
256848.73574008 7177364.35901688
256837.98993629 7177256.95837399
256848.73574008 7177181.77796808
256999.17684116 7177235.47826948
257439.75441659 7177353.61892452
257740.63669473 7177439.53942279
257772.8741061 7177289.17857087
257891.07779581 7177310.65867538
258052.26477666 7177267.69846635
258213.45168153 7177278.43851861
258277.92642828 7177353.61892452
258363.89278261 7177514.7198688
258213.45168153 7177579.16022245
258159.72266258 7177686.56082523
258127.4853272 7177847.66172941
258224.19748532 7177922.84217542
258320.90964344 7178030.2427782
258342.40117503 7178030.2427782
258449.85913693 7177869.14187403
258535.82549126 7177708.04096985
258535.82549126 7177579.16022245
258568.06290263 7177546.94002557
258664.77506075 7177589.90027471
258793.72463023 7177697.30087749
259008.64047806 7177933.58222768
258997.89467427 7178019.50272595
259051.62369322 7177901.3620308
259051.62369322 7177761.74127124
258976.40314268 7177632.86052384
258987.14894647 7177514.7198688
259062.36949701 7177342.87887226
259298.77695241 7177310.65867538
259449.21812948 7177342.87887226
259621.15083813 7177418.05931827
259836.06668596 7177418.05931827
260136.9489641 7177342.87887226
260276.64433738 7177149.55777121
260394.84802709 7177171.03791582
260502.30598899 7177117.33761443
260652.74716606 7177213.99812486
260674.23869765 7176956.23667015
260856.9172101 7176816.61587049
260932.13783662 7176741.43546458
260824.67987472 7176623.29476944
260835.4256785 7176569.59446805
260867.66301389 7176526.63425901
261125.56207687 7176698.47521545
261179.29109582 7176752.17551684
261243.76584257 7176773.65566146
261372.71541205 7176913.27642102
261361.96960826 7177052.89722068
261426.44435501 7176934.75656564
261426.44435501 7176805.87581823
261490.91917775 7176687.73516319
261415.69855122 7176612.55471718
261404.95274743 7176558.85441579
261404.95274743 7176505.1541144
261351.22380447 7176472.93391752
261329.73219689 7176408.49356387
261297.49486151 7176376.27336699
261222.27423499 7176301.09296108
261125.56207687 7176204.43241056
261233.02003878 7176129.25196455
261329.73219689 7176161.47216142
261394.20701963 7176247.39265969
261447.93596259 7176247.39265969
261544.64812071 7176333.31315796
261598.37706367 7176365.53331473
261684.343418 7176365.53331473
261609.12286746 7176279.61285657
261598.37706367 7176193.6923583
261609.12286746 7176064.8116109
261619.86867125 7175989.63120499
261533.90231692 7176011.1113095
261490.91917775 7176021.85136176
261426.44435501 7176000.37125725
261340.47800068 7175978.89111263
261104.07054528 7175828.53026071
261093.32474149 7175774.82995932
261114.81634907 7175656.68930427
261200.7827034 7175635.20915966
261276.00325394 7175645.94925202
261286.74905772 7175613.72905514
261243.76584257 7175549.28870149
261233.02003878 7175484.84830774
261297.49486151 7175313.0073513
261415.69855122 7175355.96760044
261512.41070934 7175366.70765269
261587.63133587 7175313.0073513
261673.59769019 7175291.52720668
261910.0051456 7175431.14800634
261931.49675318 7175420.40795409
261781.05557611 7175280.78715442
261770.30984831 7175237.82690529
261727.32663315 7175184.1266039
261641.36027883 7175141.16635476
261609.12286746 7175076.72600111
261673.59769019 7174980.06545059
261963.73408856 7174690.08379901
262060.44624668 7174647.12354987
262081.93785426 7174561.20309171
262124.92106941 7174432.3223443
262210.88742374 7174400.10214743
262286.10797428 7174421.58229205
262458.04068294 7174561.20309171
262533.26123348 7174657.86364223
262608.48186 7174722.30399588
262694.44821433 7174743.7841004
262801.90610025 7174808.22449415
262930.85566974 7174915.62509694
262973.83888489 7174915.62509694
262995.33041648 7174851.18474329
262930.85566974 7174604.16330074
262920.10986595 7174357.14189829
262887.87253056 7174260.48138787
262909.36406216 7174163.82083734
262930.85566974 7174045.6801422
262823.39770783 7173981.23978855
262812.65190404 7173863.0990934
262887.87253056 7173798.65873975
262963.0930811 7173777.17863524
263006.07622027 7173906.05934254
263006.07622027 7174002.71989306
263016.82202406 7174077.90033907
263135.02578976 7174142.34069272
263231.73794788 7174163.82083734
263328.450106 7174153.08074498
263382.17904896 7174110.12049585
263371.43324517 7173959.75964393
263435.9080679 7173884.57923802
263511.12861844 7173927.53948715
263500.38281465 7174045.6801422
263489.63701086 7174120.86058821
263511.12861844 7174174.5608896
263575.60336519 7174217.52113873
263672.31552331 7174249.74129551
263607.84077656 7174410.84223979
263726.04446627 7174614.9033931
263736.79027006 7174690.08379901
263833.50242818 7174582.68319622
263951.70619387 7174539.72294709
263973.19780145 7174421.58229205
264080.65576336 7174400.10214743
264188.11364928 7174432.3223443
264231.09686443 7174539.72294709
264392.2837693 7174690.08379901
264403.02957309 7174872.6648478
264295.57161118 7174980.06545059
264478.25012363 7175023.02569972
264521.23333879 7175076.72600111
264488.99592742 7175194.86665616
264544.90249574 7175247.74256421
264694.08647371 7175256.91820608
264730.80869302 7175369.31998945
264666.54480922 7175509.24869844
264666.54480922 7175646.88348694
264691.79129701 7175676.70437315
264471.4580571 7175970.32527399
264207.51721976 7176046.02440967
264161.61444561 7176085.02093776
264251.1248172 7176183.65923827
264347.5206429 7176252.47661247
264342.93036549 7176291.47314055
263996.3644587 7176523.15838858
263978.00334904 7176562.15491666
263966.5276935 7176681.43842142
263769.14584066 7176842.01237475
263640.10843061 7177024.80652984
263536.82722678 7177066.09697842
263513.87583971 7177105.09350651
263309.60853276 7177111.97526799
263256.82038049 7177180.79264219
263176.49056373 7177185.38048318
263132.8828903 7177238.14049412
263130.58778959 7177249.61005649
263252.23010308 7177290.90050507
263357.80648361 7177401.00832784
263389.93842551 7177513.41011122
263357.80648361 7177582.22748541
263355.51130691 7177797.85537019
263369.28213915 7177804.73709157
263371.57731585 7177926.31451681
263337.15019725 7177999.719732
263330.26481912 7178068.53714629
263224.68843859 7178146.53020247
263144.35862183 7178114.41539576
262862.05659884 7178034.12841909
262827.62955622 7178018.07105584
262804.67816915 7177990.54409012
262790.90733691 7177988.25016963
262790.90733691 7178050.18582245
262726.64345311 7178100.6519129
262669.26502342 7178109.82755477
262666.96992271 7178119.00323675
262857.46632142 7178121.29715724
262871.23715367 7178148.82408286
262896.48371744 7178249.75630386
262914.8448271 7178252.05018426
262951.56704641 7178270.4015081
262974.51843349 7178348.39456428
262951.26963467 7178382.06880862
262887.00582686 7178476.11926815
262822.74194306 7178501.35231337
262825.03704377 7178538.05492097
262742.4121263 7178668.80798808
262820.44676636 7178671.10190858
263027.00925 7178609.16625576
263040.78000626 7178634.39930099
263079.79740228 7178609.16625576
263157.83211832 7178645.86886335
263173.89805128 7178634.39930099
263304.7209196 7178694.04103331
263348.32851704 7178815.61845856
263371.27990411 7178994.54369563
263499.80767171 7179141.354126
263557.1861014 7179148.23588748
263570.95693364 7179239.99242651
263616.85970779 7179246.87414789
263651.2867504 7179311.1037212
263853.25895663 7179547.37681021
263912.93248704 7179595.54898018
263892.52285334 7179711.11912568
263883.34229851 7179786.81826136
263835.14442365 7179823.52090906
263777.76599396 7179789.11218186
263738.74859795 7179789.11218186
263663.0090586 7179736.35217091
263594.15489739 7179727.17652904
263543.66192182 7179708.82520519
263539.0716444 7179646.88955237
263467.92230648 7179623.95042764
263428.90498646 7179621.65650715
263394.47794384 7179562.01477482
263371.52655677 7179559.72085433
263314.1480511 7179548.25129196
263270.54045365 7179506.96084338
263263.65507553 7179461.08259392
263222.3425788 7179440.43734957
263199.39119172 7179399.14690099
263167.25924982 7179392.26517962
263178.73490537 7179330.3295268
263164.96414911 7179330.3295268
263151.19331686 7179364.7382139
262974.4676744 7179451.90691194
262937.74545509 7179454.20083243
262937.74545509 7179493.19736052
262898.72813506 7179511.54868437
262839.05452867 7179497.78520151
262811.51286419 7179534.4878091
262761.01981263 7179529.89996811
262756.42953521 7179555.13301334
262657.7386088 7179633.12606951
262593.474725 7179667.53479671
262570.52333793 7179635.41999
262506.25945412 7179564.30869532
262437.40536889 7179536.78172959
262400.68314958 7179550.54521245
262393.79769546 7179614.77478577
262402.97825029 7179667.53479671
262353.79110527 7179734.78479292
262298.70777629 7179762.31175864
262252.80500215 7179734.78479292
262211.49250542 7179711.84566818
262126.57241125 7179766.89959962
262092.14536863 7179810.48392859
262066.89880486 7179815.07176958
261986.5689881 7179780.66308248
261959.02732361 7179769.19348001
261933.78083583 7179801.30828672
261984.27388739 7179851.77437717
261947.55166807 7179968.76396143
261947.55166807 7179993.99700666
261993.45444222 7179993.99700666
262023.29120742 7180035.28745524
262020.9961067 7180110.98659092
261945.25649137 7180154.57095999
261727.21842817 7180285.32402711
261690.49620885 7180356.4353218
261784.59685785 7180365.61096367
261830.499632 7180312.85095273
261936.07593654 7180324.32055519
261940.66621396 7180404.60749176
261986.5689881 7180475.71882655
262383.62787047 7180055.93265948
262603.96118636 7180030.69961425
262886.26313336 7179936.64915473
262943.64156305 7179959.58831956
262906.91934373 7180223.38833419
262741.6694328 7180205.03705044
262610.84656448 7180250.91529991
262564.94379034 7180344.96575943
262424.9403672 7180356.4353218
262434.12092202 7180537.65447937
262647.5687838 7180590.41449032
262663.63471676 7180682.17102935
262727.89860056 7180711.99191556
262803.6381399 7180633.99885939
262927.57563009 7180709.69799507
262975.77350495 7180670.70146698
263040.03738875 7180675.28926787
263049.21794358 7180613.35361505
263145.61376928 7180620.23537653
263388.89839626 7180964.32236782
263384.30811884 7181021.67021976
263163.98164175 7181128.71338625
262883.97479546 7181371.86819664
262844.95747543 7181465.91861606
262831.18664319 7181481.97601941
262711.83943041 7181479.68209892
262636.09989107 7181548.49951322
262530.52351054 7181573.73255845
262475.44025755 7181534.73603036
262369.86387702 7181569.14475756
262413.47147446 7181665.48909748
262415.76665116 7181695.30998369
262142.645183 7181745.77607415
261922.3119431 7181862.7656584
261763.94741029 7181984.34304355
261644.60027351 7181995.81264601
261571.15583488 7182076.09958258
261493.12111883 7182080.68742357
261320.98575379 7181993.51872552
261320.98575379 7181947.64043595
261304.91982083 7181943.05263507
261298.03436671 7182046.27873647
261259.01704668 7182193.08916684
261100.65251388 7182248.14309828
260749.49640566 7182232.08569492
260684.5926383 7182251.69809155
260677.70718418 7182272.34329578
261136.73484963 7182458.15029434
261341.0020806 7182476.50161819
261389.20003144 7182508.6163848
261400.67568698 7182602.66684432
261235.42577605 7182742.59555331
261033.45356982 7182889.40602378
260948.53347564 7182967.39907996
260906.50374095 7183106.65979654
261178.89816886 7183069.10821258
261357.36352563 7182994.00500457
261394.93519968 7183059.72030657
261479.47140931 7182900.12602464
261883.36658242 7182712.36802466
262005.4744661 7182552.77374273
262071.22480071 7182571.54951466
262428.15543826 7182825.02281663
262888.40816045 7182853.18649457
262907.19395948 7182871.9623066
262691.15700465 7183040.94449454
262465.72711231 7183416.46049449
262446.94131328 7183538.50319247
262343.61922863 7183641.77007842
262343.61922863 7183707.48538042
262249.69015748 7183782.58858843
261986.68859108 7184045.44975631
261676.72248912 7184186.26826631
261686.11542663 7184223.81985027
261986.68859108 7184223.81985027
262193.33268439 7184092.38924628
262287.26175554 7184111.1650583
262512.69164788 7183942.18287036
262869.62228543 7183820.14017238
263273.51753453 7183970.3465884
263264.12459702 7184007.89817235
263076.26637873 7184158.10454827
263048.08764219 7184298.92305828
263038.69470468 7184402.18994423
262850.83648639 7184608.72375623
262747.51447773 7184608.72375623
262719.33574119 7184683.82692414
262634.79953156 7184721.3785482
262625.40659405 7184768.31803816
262728.72860271 7184824.64543415
262709.94280368 7184880.97283013
262662.97826811 7184899.74864216
262597.22785751 7184880.97283013
262437.54837577 7184927.9123201
262409.36963922 7184984.23971608
262306.04763056 7185031.17924615
262193.33268439 7185087.50664213
262033.65320265 7185181.38562207
261949.11699302 7185134.4461321
261629.75795354 7185378.53152805
261611.16272902 7185505.04508714
261554.80525594 7185551.98457711
261470.2691223 7185617.6998791
261423.30451073 7185739.74257708
261554.80525594 7185674.02727509
261770.84228675 7185627.08778512
262080.80831273 7185674.02727509
262155.95166084 7185767.90625502
262428.34608876 7185805.45787908
262503.48936087 7185833.62155702
262522.27515991 7185908.72476503
262475.31062433 7186096.482765
262663.16884262 7185843.00946303
262860.41999842 7185627.08778512
263010.70661864 7185580.14825505
262954.34914555 7185533.20876508
262973.13494459 7185383.00238916
263123.42156481 7185223.40806713
263245.5293725 7185167.08067115
263348.85145715 7185176.46857716
263339.45851964 7185260.95969118
263367.63725618 7185326.67499318
263358.24431867 7185383.00238916
263339.45851964 7185439.32978514
263405.20893023 7185448.71769116
263461.56640332 7185580.14825505
263536.70967544 7185664.63936907
263630.63874659 7185871.17314097
263743.35369276 7186152.81016099
263846.67577741 7186199.74965095
263949.99778607 7186152.81016099
263978.17652261 7186040.15536902
263987.56946012 7185983.82793294
263884.24737547 7186049.54323493
263780.92536681 7185946.27634898
263602.46001005 7185495.65718113
263546.10253696 7185486.26927511
263564.88841198 7185354.83867112
263508.53093889 7185120.14118118
263442.7805283 7185063.8137852
263217.35063596 7185073.20169121
262944.95620804 7185223.40806713
262634.99010608 7185542.59667109
262475.31062433 7185570.76038914
262155.95166084 7185570.76038914
262033.84377716 7185429.94187913
262033.84377716 7185383.00238916
262212.30913392 7185298.51127514
262353.20281664 7185317.28708717
262381.38155318 7185354.83867112
262428.34608876 7185336.06285909
262700.74051667 7185148.30489922
262935.56334652 7185026.26220124
263038.88535518 7184885.44369124
263057.67115421 7184791.5647113
263095.24282827 7184791.5647113
263142.20736384 7184810.34048323
263311.2797831 7184707.07359727
263386.42305521 7184603.80671132
263433.38766678 7184594.41880531
263461.56640332 7184547.47931534
263508.53093889 7184491.15191936
263574.2812735 7184556.86722136
263574.2812735 7184622.58252335
263536.70967544 7184660.13410731
263546.10253696 7184725.8494093
263630.63874659 7184847.89210728
263762.13956778 7184922.99527519
263846.67577741 7184894.83159725
263949.99778607 7184716.46150329
264025.14105818 7184594.41880531
264034.53399569 7184247.0665234
263987.56946012 7184040.5327114
263996.96232164 7183918.49005353
263893.64031298 7183805.83522146
263677.60335815 7183683.79256359
263555.49547447 7183646.24093953
263377.03019369 7183627.4651275
263236.13651098 7183533.58614756
263114.0286273 7183420.9313556
263104.63568979 7183327.05237566
263132.81442633 7183242.56126164
263217.35063596 7183261.33707367
263254.92231001 7183261.33707367
263264.31524752 7183233.17335562
263264.31524752 7183186.23386566
263320.67272061 7183158.07014761
263386.42305521 7183176.84595964
263423.99472927 7183186.23386566
263442.7805283 7183139.29437569
263499.13800139 7183101.74275163
263564.88841198 7183101.74275163
263696.38915718 7183111.13065765
263724.56789373 7183073.57907369
263780.92536681 7183092.35488572
263780.92536681 7183045.41535565
263846.67577741 7183064.19116768
263884.24737547 7183111.13065765
264090.89146878 7183195.62177167
264137.85600435 7183186.23386566
264137.85600435 7183167.45805363
264184.82053993 7183167.45805363
264259.96388803 7183317.66446965
264335.10716015 7183420.9313556
264344.50009766 7183542.97405358
264476.00084286 7183618.07726159
264457.21504383 7183580.52563753
264400.85757075 7183467.87084557
264410.25043227 7183242.56126164
264372.6788342 7183092.35488572
264335.10716015 7183036.02748974
264269.35674956 7183026.63958372
264269.35674956 7182989.08795967
264166.0347409 7182970.31218774
264109.67726781 7182923.37265767
264100.2843303 7182867.04526169
264100.2843303 7182745.00256371
264006.35525915 7182688.67516773
263903.03325049 7182585.40828178
263771.5324293 7182444.58981188
263696.38915718 7182360.09869785
263677.60335815 7182275.60758383
263686.99621967 7182219.28018785
263377.03019369 7182238.05599987
263273.70810904 7182294.38339586
263001.31368113 7182294.38339586
262757.09798976 7182331.93497981
262653.7759811 7182294.38339586
262700.74051667 7182228.66809386
262806.232704 7182176.86477541
263134.984605 7181960.94309749
263332.23576079 7181876.45198347
263482.52230503 7181726.24560755
263520.09397908 7181782.57300353
263614.02305023 7181867.06407745
263623.41598774 7181970.33100351
263707.95219737 7182036.0462654
263914.59629068 7182064.20998344
264008.52536183 7182092.37366138
264468.77808402 7182167.47686939
264496.95682056 7182158.08896338
264421.81347246 7182111.14947341
264158.81198205 7181979.71886942
264064.88283491 7181885.83988948
264083.66870993 7181782.57300353
264365.45599937 7181416.4449096
264412.42061093 7181331.95379557
264487.56388305 7181275.62639959
264459.38514651 7181228.68690962
264262.13399071 7181097.25630563
264168.20484357 7180975.21360765
264111.84737049 7180928.27411768
264102.45450897 7180881.33462772
263820.66714354 7180702.96453376
263707.95219737 7180618.47341973
263670.38052332 7180552.75815784
263670.38052332 7180430.71545986
263811.27420603 7180393.1638358
264149.41904454 7180318.0606679
264356.06313785 7180167.85425188
264506.34968209 7179998.87206393
264562.70715517 7180008.25996994
264609.67169075 7180017.64787596
264647.2433648 7179998.87206393
264712.99377539 7180008.25996994
264806.92284654 7180224.18164786
264853.8874581 7180242.95745989
264957.20946677 7180167.85425188
265079.31735045 7180139.69057394
265126.28188602 7180092.75104386
265314.14010431 7180083.36317795
265455.03378702 7180167.85425188
265436.24798799 7180318.0606679
265426.85505048 7180449.49123179
265511.39126011 7180402.55174182
265614.71326877 7180487.04285584
265539.56999665 7180336.83643982
265633.4990678 7180252.3453659
265689.85654089 7180186.6300639
265699.24947839 7180111.52685589
265821.35736207 7180120.91476191
265877.71483516 7180196.01796992
265971.64390631 7180233.56955387
266018.60851787 7180242.95745989
266112.53758902 7180158.46634586
266187.68086114 7180102.13894988
266375.53915542 7180130.30266792
266563.3973737 7180374.38806388
266619.75484679 7180684.18872173
266591.57611025 7180768.67983575
266450.68242753 7180862.55881569
266300.39580731 7181331.95379557
266206.46673616 7181369.50541963
266103.1447275 7181416.4449096
266206.46673616 7181435.22072163
266234.6454727 7181594.81500356
266084.35885248 7181838.90039951
266150.10926308 7181829.5124935
266319.18168233 7181547.87551359
266460.07536504 7181444.60858754
266704.29105642 7181078.48053371
266976.68548433 7180909.49834576
267033.04295742 7180787.45564778
267399.36653247 7180768.67983575
267812.6546431 7180815.61932572
267878.40497771 7180918.88621167
267606.01054979 7181069.09262769
267399.36653247 7181238.07481564
267145.75790359 7181754.40928549
267136.36496608 7181885.83988948
266976.68548433 7182205.02849345
266685.5051814 7182336.45905734
266356.7532804 7182834.01775527
266337.96748136 7182946.67254723
266197.07379865 7183012.38784923
266197.07379865 7183096.87892315
266394.32495445 7183078.10315122
266854.57760065 7182758.91454726
267014.25715838 7182702.58715127
267089.4004305 7182777.69035928
267155.15076511 7182824.62984925
267136.36496608 7182899.73305726
267192.72243916 7182946.67254723
267164.54370262 7183256.47324518
267249.07991225 7183303.41273515
267230.29411322 7183397.29171509
267305.43738533 7183566.27390303
267277.25864879 7183697.70450703
267371.18779593 7183603.82552709
267371.18779593 7183444.23124516
267389.97359496 7183134.4305472
267483.9027421 7182937.28464121
267427.54526901 7182815.24194324
267709.33255845 7182430.33807738
267803.26170559 7182420.95017136
267812.6546431 7182317.68328541
267934.76245079 7182383.39858741
268038.08453544 7182374.0106814
268047.47739696 7182289.51956737
268160.19234313 7182317.68328541
268160.19234313 7182392.78645332
268310.47896335 7182467.88966133
268338.6576999 7182542.99286934
268366.83643644 7182467.88966133
268291.69308834 7182402.17435934
268348.05056142 7182270.74375534
268423.19390953 7182148.70109747
268592.26632878 7182101.7615674
268629.83792685 7182017.27049348
268704.98119896 7181989.10677543
268780.12454707 7181885.83988948
269052.51897498 7181820.12458749
269127.6622471 7181848.28830553
269127.6622471 7181989.10677543
269184.01972019 7182054.82207743
269268.55592981 7182176.86477541
269268.55592981 7182242.5800774
269052.51897498 7182533.60496333
268817.69614513 7182721.3629633
268658.01666339 7182890.34515125
268629.83792685 7183134.4305472
268564.08759224 7183237.69743315
268545.30171722 7183491.17073512
268479.55138261 7183819.747205
268395.01517298 7183866.68669497
268470.1584451 7183979.34148693
268554.69465473 7183979.34148693
268611.05212781 7184045.05678893
268535.90885569 7184467.51227885
268470.1584451 7184617.71869487
268329.26476239 7184739.76139285
268329.26476239 7184786.70088281
268169.58528064 7185124.66525871
268103.83487005 7185152.82897675
268178.97814216 7185199.76846672
268000.51286139 7185415.69014463
268103.83487005 7185425.07805065
268376.22929796 7185246.70795668
268310.47896335 7185190.3805607
268733.15993551 7184730.37348683
268930.4110913 7184073.22050697
269400.05667502 7183716.48031905
269822.73772316 7183369.12803715
269888.48813375 7183406.6796211
270019.98887895 7183810.35929899
270254.81163282 7184026.28101701
269794.55898661 7184561.39129889
269663.05824141 7184636.4944668
269738.20151353 7184739.76139285
269597.30783082 7184899.35567478
269719.4157145 7184946.29516475
269738.20151353 7185012.01046674
269644.27244238 7185143.44107073
269644.27244238 7185396.9143326
269524.25054416 7185542.27801421
269665.14422687 7185561.05382624
270012.68200289 7185899.01820213
270069.03947597 7186086.77620211
269946.93159229 7186190.04308806
269514.85768263 7186377.80108803
269364.57106241 7186387.18899405
269251.85611624 7186518.61959804
269965.71739133 7186518.61959804
270087.82527501 7186387.18899405
270510.50632314 7186255.75839006
270566.86379623 7186274.53420208
270538.68505969 7186190.04308806
270369.61264043 7186096.16410812
270341.43390389 7185974.12141014
270350.82676541 7185908.40610815
270501.11338563 7185842.69080615
270482.3275866 7185786.36341017
270266.29055578 7185730.03601419
270219.32602021 7185589.21750418
270162.96854712 7185467.1748062
270003.28906538 7185335.74424231
269909.35991824 7185241.86522228
269975.11032884 7185072.88303433
270031.46780192 7185016.55563835
270040.86073943 7184922.67665841
270153.57560962 7184894.51294037
270219.32602021 7184922.67665841
270266.29055578 7184894.51294037
270181.75434616 7184810.02186645
270144.18274809 7184697.36707448
270200.54022118 7184462.66958454
270294.46929233 7184378.17847052
270341.43390389 7184406.34214846
270369.61264043 7184425.11796048
270435.36297504 7184443.89377251
270454.14885006 7184565.93647049
270472.93464909 7184612.87596046
270707.75740296 7184594.10014843
270858.04402318 7184509.60907451
270933.1872953 7184537.77275245
270886.22275972 7184453.28167853
270867.43696069 7184378.17847052
270914.40149626 7184284.29949058
270801.68655009 7184237.35996051
270820.47234913 7184021.4382826
270717.15034047 7183861.84400066
270529.29212218 7183739.80130269
270566.86379623 7183636.53441674
270529.29212218 7183561.43120873
270435.36297504 7183523.87958467
270425.97011352 7183411.2247927
270275.68349329 7183336.1216248
270200.54022118 7183082.64832283
270247.50475675 7182951.21771883
270172.36148463 7182894.89032285
270040.86073943 7182782.23553089
269853.00244516 7182716.52022889
269599.39389226 7182754.07185295
269458.50020955 7183120.19990678
269458.50020955 7183307.95790675
269270.64191527 7183383.06111476
269035.81916141 7183561.43120873
268923.10421524 7183589.59488667
268941.89001427 7183458.16432278
268970.06875081 7183129.58781279
269092.17663449 7182885.50241684
269298.82065182 7182791.6234369
269458.50020955 7182716.52022889
269608.78675378 7182585.0896249
269815.43084709 7182632.02915497
269956.3245298 7182697.74441686
270209.9330827 7182678.96864494
270407.1842385 7182585.0896249
270519.89918467 7182641.41702088
270848.65108567 7182866.72664491
271055.29517898 7182932.44190681
271252.54633477 7182923.05404089
271468.5832896 7182951.21771883
271515.54782518 7183007.54511482
271449.79749057 7183261.01841679
271506.15496366 7183486.32800071
271553.11949923 7183486.32800071
271769.15645406 7183401.83692679
271872.47846272 7183420.61269872
272069.72961852 7183627.14651072
272210.62330123 7183674.08600069
272483.01772915 7183692.86181272
272548.76813974 7183721.02549066
272548.76813974 7183936.94716857
272529.98234071 7184115.31726253
272539.37520223 7184181.03256453
272699.05468398 7184209.19628257
272736.62635803 7184293.68735649
272708.44762149 7184472.05745045
272623.91141186 7184838.18554439
272642.69728688 7184838.18554439
272764.80509457 7184556.54856448
272868.12710323 7184462.66958454
272821.16256766 7184406.34214846
272830.55550517 7184227.9720946
272839.94836669 7184171.64465851
272774.19803208 7184115.31726253
272680.26888495 7184030.82618861
272670.87602342 7183899.39558462
272689.66182246 7183608.37069869
272529.98234071 7183514.49171876
272285.76657335 7183505.10381274
272182.44456469 7183420.61269872
272173.05162718 7183298.57000074
271966.40760986 7183167.13943685
271834.90686466 7183092.03622884
271778.54939157 7183045.09673887
271853.69266369 7182829.17502086
271985.19340889 7182772.84762487
272069.72961852 7182641.41702088
272135.48002912 7182641.41702088
272220.01623874 7182660.19283291
272332.73118491 7182622.64124896
272483.01772915 7182603.86543693
272332.73118491 7182547.53804095
272220.01623874 7182500.59855098
272210.62330123 7182350.39213496
272210.62330123 7182172.022041
272088.51549354 7182378.555853
272013.37214544 7182472.43483294
271891.26433774 7182528.76222892
271750.37065503 7182519.37436301
271590.69117328 7182519.37436301
271412.22581652 7182491.21064496
271402.83287901 7182406.71953094
271412.22581652 7182256.51315502
271271.33213381 7182463.04692692
271130.43845109 7182500.59855098
270980.15190686 7182425.49534297
270867.43696069 7182275.28896705
270867.43696069 7182087.53096708
270735.9361395 7182068.75515505
270613.82833181 7182096.91887309
270566.86379623 7182031.20357109
270191.14728367 7182143.85836306
269984.50326635 7182218.96157107
269899.96705672 7182162.63417509
269890.57411921 7182003.03985305
269909.35991824 7181843.44557112
270031.50131203 7181677.07584024
270435.39648515 7181395.43886033
270426.00362363 7181367.27514229
270266.3240659 7181414.21463225
270172.39499475 7181386.05095431
270116.03752166 7181414.21463225
270031.50131203 7181414.21463225
270003.32257549 7181273.39616235
269918.78636586 7181273.39616235
269871.82183029 7181489.31784026
269768.49974564 7181564.42104827
269590.03446486 7181592.58472621
269524.28405427 7181526.86946432
269552.46279081 7181432.99044428
269514.89119274 7181395.43886033
269317.64003695 7181451.76625631
269251.88962635 7181423.60253827
269007.67393498 7181432.99044428
268547.42128878 7181508.09365229
268321.99139643 7181573.80895429
268105.9544416 7181564.42104827
268077.77570506 7181461.15416232
268162.3118387 7181339.11146435
268368.95593201 7181085.63816238
268462.88507915 7180822.77699449
268462.88507915 7180710.12216243
268406.52760606 7180578.69159854
268321.99139643 7180531.75206847
268368.95593201 7180447.26099454
268481.67087818 7180343.99410859
268660.13623494 7180315.83039055
268735.27950706 7180343.99410859
268988.88813595 7180315.83039055
269129.78181866 7180325.21829657
269129.78181866 7180297.05457852
269101.60308212 7180259.50299457
268979.49519844 7180240.72718254
268669.52909647 7180099.90871264
268584.99288684 7180043.58131666
268444.09920413 7180043.58131666
268275.02678487 7179996.64182669
268237.45518681 7179893.37490064
268209.27645026 7179771.33220266
268237.45518681 7179630.51373275
268256.24098584 7179536.63471271
268237.45518681 7179405.20414883
268265.63392335 7179226.83405487
268378.34886952 7179029.68814888
268631.9574984 7178776.21484691
268791.63698015 7178588.45684693
268847.99445323 7178447.63837703
268960.7093994 7178419.47465899
268979.49519844 7178560.29316899
269073.42434557 7178626.00847099
269054.63847055 7178363.147263
269242.49668884 7178241.10456503
269402.17624657 7178128.44977306
269627.60613892 7178043.95869914
269759.10688412 7178006.40707508
269655.78487546 7177950.0796791
269336.42583598 7177931.30390717
269120.38888115 7177931.30390717
268960.7093994 7177856.20069916
268876.17318978 7177705.99428314
268960.7093994 7177593.33949118
268988.88813595 7177518.23632327
268829.20857821 7177405.58153131
268707.10077052 7177199.04771931
268697.70783301 7176983.12604139
268622.56456089 7176879.85911534
268584.99288684 7176701.48902138
268613.17162338 7176579.4463635
268744.67236859 7176607.61004144
268847.99445323 7176720.26483341
268979.49519844 7176748.42855145
269073.42434557 7176739.04064544
269223.71088981 7176673.32534344
269308.24709944 7176654.54953141
269430.35498312 7176504.34315549
269336.42583598 7176429.23994748
269392.78330906 7176297.80934349
269345.81877349 7176222.70617558
269430.35498312 7176138.21506156
269458.53371966 7176241.48194751
269646.39193795 7176363.52464548
269636.99900044 7176269.64566555
269636.99900044 7176016.17236358
269561.85572832 7175922.29338364
269392.78330906 7175875.35385357
269289.4613004 7175865.96598766
269298.85416193 7175809.63859168
269477.31951869 7175790.86277965
269580.64152735 7175762.69906161
269533.67699178 7175715.75957164
269298.85416193 7175687.5958937
269195.53215327 7175715.75957164
269120.38888115 7175706.37166563
268988.88813595 7175631.26849772
269007.67393498 7175725.14747766
268970.10226093 7175856.57808165
268847.99445323 7175912.90547763
268763.45824361 7175912.90547763
268707.10077052 7175847.19017563
268697.70783301 7175734.53538367
268660.13623494 7175715.75957164
268519.24255223 7175715.75957164
268350.17013298 7175725.14747766
268284.41972238 7175781.47487364
268181.09771372 7175781.47487364
268115.34730313 7175715.75957164
268002.20614785 7175390.96379361
267814.34792956 7175090.55100168
267767.38339399 7174968.5083037
267814.34792956 7174818.30188768
267936.45581324 7174743.19867967
267889.49127767 7174677.48341777
267767.38339399 7174630.5438877
267757.99045648 7174461.56169976
267786.16919302 7174395.84639776
267617.09677376 7174564.82862581
267560.73930068 7174602.38020976
267494.98896607 7174527.27700175
267372.88108239 7174433.39802182
267344.70234585 7174311.35532384
267335.30948432 7174226.86420981
267297.73781027 7174170.53681383
267288.34487276 7174123.59732386
267222.59453815 7174123.59732386
267119.27245351 7174057.88202187
267138.05832853 7173973.39094794
267203.80866313 7173823.18453193
267448.02435451 7173701.14183395
267541.95350165 7173616.65076002
267607.70391224 7173607.26285401
267570.13223819 7173579.09913597
267541.95350165 7173494.60806205
267541.95350165 7173438.28066606
267504.38182759 7173513.38383397
267429.23855548 7173560.32336404
267382.2740199 7173579.09913597
267241.38033719 7173588.48704198
267091.09371696 7173588.48704198
267034.73624388 7173607.26285401
267006.55750734 7173654.20234398
266950.20003425 7173682.36602192
266856.2709631 7173682.36602192
266799.91349002 7173616.65076002
266790.52055251 7173550.93545803
266659.0198073 7173419.50485404
266593.26939671 7173344.40164603
266640.23400827 7173231.74685406
266752.94895444 7173175.41945808
266875.05676213 7173166.03155207
266940.80717273 7173147.25578014
266875.05676213 7173109.70415608
266640.23400827 7173053.3767601
266555.69779864 7172931.33406212
266489.94738805 7172809.29136415
266471.16158902 7172696.63657218
266508.73318708 7172630.92127018
266574.48359768 7172602.75759224
266527.5190621 7172574.5938742
266414.80411593 7172574.5938742
266396.0183169 7172518.26647822
266386.62537939 7172433.7754043
266358.44664285 7172358.67219629
266386.62537939 7172199.07791436
266480.55445054 7172077.03521638
266649.62686979 7171917.44089434
266799.91349002 7171879.88931039
266987.7717083 7171879.88931039
267128.66539102 7171954.9925184
267213.20160064 7172133.36261236
267231.98739968 7172199.07791436
267316.5236093 7172255.40531034
267363.48822087 7172246.01740432
267335.30948432 7172133.36261236
267485.59602856 7172086.42312239
267645.27551031 7172152.13838429
267739.20465744 7172227.2415923
267748.59759495 7172349.28429027
267767.38339399 7172414.99959227
267833.13380458 7172461.93908224
267889.49127767 7172405.61168626
268058.56362093 7172386.83587423
268255.81477673 7172471.32698825
268377.92266041 7172593.36968623
268490.63760658 7172583.98178022
268556.38794119 7172696.63657218
268565.7808787 7172799.90345813
268528.20920465 7172837.45508219
268612.74541427 7172865.61876013
268669.10288736 7172940.72196814
268706.67456141 7173128.47996811
268753.63909699 7173166.03155207
268856.96118164 7173184.80736409
268932.10445375 7173072.15257213
268922.71151624 7172912.5582902
268979.06898933 7172743.57606215
269157.53434609 7172771.73978019
269326.60676535 7172762.35187418
269448.71457304 7172790.51559222
269542.64372018 7172884.39457216
269636.57279133 7172856.23089422
269702.32320192 7172950.10987415
269805.64521058 7173288.07425004
269927.75309426 7172931.33406212
269965.32476832 7172828.06717617
270350.4341424 7172799.90345813
270547.68522221 7172771.73978019
270613.43563281 7172781.12768621
271017.33080593 7172668.47289424
271280.33237232 7172677.86080025
271327.2969079 7172799.90345813
271449.40479158 7172837.45508219
271449.40479158 7172640.3091762
271533.9410012 7172471.32698825
271740.58501852 7172518.26647822
271740.58501852 7172471.32698825
271637.26300986 7172358.67219629
271656.0488089 7172264.79321635
272059.944058 7171879.88931039
272257.1952138 7171701.51921643
272379.30302149 7171541.9249345
272379.30302149 7171438.65804855
272360.51722246 7171260.28795459
272285.37395034 7171194.57265259
272416.87469554 7171138.24525661
272548.37544075 7171166.40893455
272642.30458788 7171203.96055861
272548.37544075 7171053.75414258
272408.98454597 7170984.07768612
272427.77042099 7170880.81080017
272559.27116619 7170815.09549817
272690.7719114 7170636.72540421
272765.91518351 7170505.29480022
272934.98760277 7170439.57949822
273104.06002202 7170411.41582028
273197.98916916 7170458.35531025
273329.48991437 7170505.29480022
273432.81192303 7170571.01010222
273573.70560574 7170552.23429019
273705.20635094 7170495.90689421
273752.1709625 7170411.41582028
273705.20635094 7170317.53680025
273554.91980671 7170317.53680025
273395.24032496 7170298.76098822
273254.34664225 7170242.43359224
272953.77347779 7170223.65782031
272662.59317485 7170204.88200828
272502.91369311 7170223.65782031
272399.59168445 7170261.20940426
272324.44833634 7170261.20940426
272305.66253731 7170139.16670629
272315.05547482 7170017.12400831
272408.98454597 7169754.26284043
272615.62863928 7169660.38382039
272765.91518351 7169604.05642441
272784.70105853 7169547.72902842
272737.73644697 7169491.40163244
272728.34358545 7169453.85004849
270887.33284866 7169453.85004849
270840.36831309 7169557.11693444
270802.79663903 7169613.44433042
270953.08325925 7169604.05642441
271037.61946888 7169575.89274646
271084.58400446 7169669.7717264
271197.29895063 7169641.60804846
271291.22809777 7169669.7717264
271563.62252568 7169838.75391435
271601.19412375 7170064.06349827
271573.0153872 7170345.70051829
271563.62252568 7170392.64000826
271432.12178048 7170448.96740424
271432.12178048 7170542.84638417
271544.83665066 7170580.39800823
271619.97999877 7170702.44070621
271638.7657978 7170918.36238412
271582.40832471 7171087.34457207
271422.72884297 7171162.44778008
271460.30051702 7171462.86057202
271375.76430739 7171669.39434392
271197.29895063 7171828.98862585
271065.79820543 7171904.09183386
271018.83359386 7171904.09183386
270971.86905829 7171866.54024991
271037.61946888 7171706.94596797
271065.79820543 7171613.06694794
271047.01233041 7171547.35164594
270981.2619958 7171631.84275997
270774.61790249 7171847.76443788
270718.2604294 7171866.54024991
270586.7596842 7171584.90327
270502.22347457 7171678.78224993
270539.79514863 7171800.82494791
270417.68726495 7172091.84983383
270201.65031012 7172091.84983383
270126.507038 7172026.13453184
270117.11410049 7172082.46192782
269882.29134663 7172091.84983383
269778.96926198 7171951.03132383
269732.0047264 7171913.47973987
269713.21892737 7171997.9708539
269656.86145428 7172101.23773985
269572.32524466 7172101.23773985
269459.61029849 7172063.68611579
269337.50241481 7171960.41922984
269093.28672343 7171828.98862585
268943.0001792 7171688.17015595
268830.28523303 7171697.55806196
268764.53482243 7171641.23066598
268811.49935801 7171509.80006199
269018.14345132 7171340.81787404
268877.2497686 7171284.49047806
268783.32062147 7171284.49047806
268783.32062147 7171209.38727005
268689.39155032 7171134.28406204
268670.6056753 7171031.01717609
268717.57028686 7170974.6897801
268679.99861281 7170580.39800823
268858.46396957 7170402.02791427
268839.67809455 7170402.02791427
268708.17734935 7170420.8036862
268557.89072913 7170580.39800823
268341.8537743 7170571.01010222
268285.49630121 7170420.8036862
268229.13882813 7170571.01010222
268144.6026185 7170617.94959218
268003.70893579 7170599.17378016
267984.92313675 7170533.45847816
268050.67354735 7170411.41582028
268050.67354735 7170242.43359224
268097.63808292 7170101.61512233
268107.03102043 7170035.89982034
268013.10187329 7170026.51191432
267909.77986463 7170045.28772635
267674.95703478 7170035.89982034
267599.81376267 7170139.16670629
267778.27911943 7170167.33042433
267787.67198095 7170251.82149825
267721.92164635 7170317.53680025
267862.81532906 7170308.14889423
267872.20819058 7170355.0883842
267797.06491846 7170646.11331023
267862.81532906 7170833.8712701
267947.3514627 7170833.8712701
268172.78135504 7170796.31968614
268247.92470314 7170852.64708213
268370.03251084 7171031.01717609
268360.63964932 7171650.61853189
268313.67503775 7171678.78224993
267919.17280214 7171397.14527002
267881.60112809 7171265.71466603
267740.70744538 7171275.10257205
267562.24208861 7171218.77517606
267252.27606263 7171040.4050821
267233.49018761 7170899.58657209
267195.91858955 7170899.58657209
267064.41776836 7171068.56876004
266942.30996066 7171077.95666606
266735.66586736 7171059.18089413
266707.48713081 7171021.62927007
266604.16512215 7171124.89615602
266378.73522981 7171031.01717609
266284.80615866 7170843.25917611
266237.8415471 7170843.25917611
266200.26994904 7170974.6897801
265805.76763744 7171002.85345804
265768.19596339 7170974.6897801
265702.44562878 7171031.01717609
266049.98332881 7171246.938854
266068.76912785 7171340.81787404
265871.51804804 7171481.63634394
265730.62436532 7171697.55806196
265542.76607105 7171725.7217399
265542.76607105 7171763.27336396
265636.69521819 7171866.54024991
265627.30228067 7171913.47973987
265589.73068261 7171979.19504187
265589.73068261 7172213.89253181
265589.73068261 7172373.48681375
265495.80153547 7172467.36583378
265298.55037967 7172457.97792777
265157.65669696 7172467.36583378
265129.47796042 7172523.69322977
265655.48101722 7173077.57928357
265664.87395473 7173143.29458557
265636.69521819 7173218.39779358
265185.8354335 7173255.94937753
265448.8369999 7173377.99207551
265495.80153547 7173424.93156548
265646.08815569 7173424.93156548
265702.44562878 7173481.25896146
265693.05269127 7173565.75007548
265862.12511052 7173584.52588751
265974.8400567 7173734.73226343
265937.26838264 7173828.61128347
266040.5903913 7173894.32654536
266049.98332881 7173960.04184736
266143.91247595 7173988.2055654
266134.51953844 7174129.02403531
266369.34236829 7174232.29096136
266463.27143944 7174232.29096136
266538.41471156 7174391.88524329
266369.34236829 7174617.19482722
266622.95092119 7174635.97063925
266453.87850193 7174964.54710913
266500.84311349 7174964.54710913
266716.88006832 7174880.0560352
266773.23754141 7174758.01333723
266998.66743375 7175058.42612916
266987.87261857 7175158.62382721
267128.76630129 7175102.29643123
267269.659984 7175505.97610912
267081.80176571 7175778.22518301
266931.51514549 7175881.49210907
267391.76786768 7175843.94048501
267551.44734942 7176144.35327695
267279.05292151 7176425.99025686
267279.05292151 7176491.70555886
267476.30407731 7176510.48137088
267635.98355905 7176463.54188092
267626.59062154 7176604.36035082
267260.26704649 7176613.74825683
267063.01596668 7176698.23937086
267570.23314846 7176951.71263273
267898.98504946 7177054.97955878
267945.94966102 7177195.79802868
268002.3071341 7177233.34965274
268021.09293314 7177374.16812264
267870.80631291 7177496.21082062
268096.23620525 7177533.76244468
268190.16535239 7177768.45993462
268180.77241488 7177937.44212257
268039.87873217 7178425.61287438
267974.12839756 7178481.94027036
267673.55515712 7178209.69119646
267551.44734942 7178125.20012254
267382.37493017 7178143.97589447
267589.01902348 7178312.95808241
267729.9126302 7178716.6377603
267579.62608597 7178772.96519639
267513.87567537 7178838.68045828
267523.26861288 7178904.39576027
267288.44578303 7178988.8868743
267222.69544842 7178913.78366629
267044.23009166 7178932.55947832
266978.47975705 7178979.49896829
267025.44429262 7179073.37794822
266950.30102051 7179167.25696826
266762.44272623 7179157.86906225
266612.156182 7179232.97227026
266546.4057714 7179223.58436424
266499.44123583 7179110.92957228
266283.404281 7178838.68045828
266057.97438866 7178735.41357233
266339.76175408 7179167.25696826
266302.19008003 7179270.52385421
266123.72472326 7179336.23915621
265860.72323286 7179373.79074016
265738.61534918 7179317.46334418
265738.61534918 7178960.72315626
265701.04375111 7179092.15376025
265531.97133186 7179232.97227026
265419.25638569 7179270.52385421
265090.50448469 7179270.52385421
265034.1470116 7179157.86906225
265043.53994911 7179101.54166626
264602.07302595 7179054.6021763
264498.75101729 7178988.8868743
264705.3951106 7178716.6377603
264639.6447 7178679.08617635
264592.68016443 7178716.6377603
264433.00068268 7178726.02566631
264329.67859804 7178772.96519639
264226.35658938 7178744.80147834
264076.06996915 7178566.43138438
264104.2487057 7178284.79440447
264198.17785283 7177890.5025925
264310.892799 7177561.92612262
264433.00068268 7177374.16812264
264583.28722692 7177336.61653869
264620.85890097 7177449.27133065
264771.14544521 7177580.70193465
264808.71711926 7177561.92612262
264696.00217309 7177468.04714268
264705.3951106 7177261.51333068
265099.89734621 7177045.59165277
264996.57533755 7176961.10053874
264987.18247603 7176914.16104877
265043.53994911 7176839.05784076
265541.36426937 7177017.42793472
265672.86501457 7176792.11835079
265447.43512223 7176773.34253877
265419.25638569 7176679.46355883
265250.18396643 7176641.91197488
265203.21943086 7176501.09346487
265259.57690394 7176472.92978693
265353.50597509 7176407.21448493
265287.75564048 7176388.43867291
265278.36270297 7176341.49918294
265419.25638569 7176228.84439097
265334.72017606 7176134.96537094
265334.72017606 7176031.69848498
265466.22092126 7175853.32839102
265616.50754148 7175825.16471308
265635.29334052 7175684.34620308
265485.00679628 7175637.40671311
265485.00679628 7175581.07931713
265531.97133186 7175365.15759911
265654.07913955 7175149.2359212
265456.82805974 7175017.80531721
265315.93437703 7174642.28935736
265259.57690394 7174604.7377333
265297.14850201 7174482.69503532
265362.8989126 7174435.75554536
265315.93437703 7174370.04024336
265156.25481929 7174257.3854514
265099.89734621 7174060.23954541
265165.6477568 7173881.86949155
265156.25481929 7173722.27516952
265024.75407409 7173656.55986752
264827.50291829 7173665.94777353
264583.28722692 7173468.80190765
264495.73974242 7173313.85906975
264570.88301454 7173219.98008982
264721.16963476 7173107.32529785
264711.77669725 7173004.0583718
264401.81059528 7172900.79148585
263997.91542217 7172882.01567382
263857.02173945 7172825.68827784
263847.62880194 7172487.72390195
263979.12962313 7172497.11180796
264542.704278 7172346.90539194
264570.88301454 7172187.31111001
264523.91847897 7172074.65631804
264420.5964703 7172187.31111001
264298.48858662 7172196.69901602
264073.05869428 7172149.75952605
263894.59341351 7172140.37162004
263753.69973079 7172074.65631804
263744.30679328 7171943.22571405
263913.37921254 7171689.75245218
263903.98627503 7171595.87343214
263800.66426637 7171530.15813015
263810.05720388 7171389.33966024
263932.16501157 7171210.96956628
264232.73817603 7171145.25426429
264336.06026068 7171032.59947232
264204.55943949 7171032.59947232
264063.66583276 7170985.65998236
263950.95088659 7170976.27207634
263885.200476 7170938.72045228
263857.02173945 7170657.08347237
263744.30679328 7170516.26500247
263791.27132886 7170441.16179446
264007.30835968 7170253.40379449
263988.52248466 7170225.24007644
263800.66426637 7170244.01588847
263659.77058366 7170300.34328445
263622.1989096 7170281.56747243
263716.12805674 7170065.64579451
263669.41024981 7169903.20541658
263650.62437479 7169752.99904066
263584.87404018 7170006.47230253
263575.48110267 7170081.57551054
263528.5165671 7170081.57551054
263312.47961227 7170466.4794165
263303.08667476 7170635.46160445
263115.22845647 7170428.92779244
263002.5135103 7170428.92779244
262814.65529201 7170541.58258441
262889.79856413 7170588.52211448
262983.72763528 7170485.25518843
263096.44258145 7170550.97049042
263124.62131799 7170691.78900043
262814.65529201 7170907.71067834
263077.65678242 7170888.93486632
263143.40719301 7170841.99537635
263265.51500071 7170973.42598034
263490.94489305 7171076.69286629
263425.19455844 7171217.5113763
263293.69373725 7171574.25156422
263303.08667476 7171780.78533612
263105.83551896 7172146.91343005
263077.65678242 7172268.95612803
263040.08510837 7172268.95612803
262786.47655547 7172034.25863809
262551.65372562 7172024.87073207
262551.65372562 7172081.19812805
262645.58287276 7172118.74975211
262767.69068045 7172334.67143003
262758.29781893 7172578.75682598
262410.32828677 7172836.38241238
262288.22040309 7172808.21869434
262072.18344826 7172920.87348631
262034.6118502 7173118.0193923
262109.75512232 7173146.18307023
262109.75512232 7173240.06209027
261752.82448477 7173531.0869762
261283.17890106 7173953.54246612
260888.67658946 7174563.7559159
260775.96164329 7174742.12600986
260747.78290675 7174742.12600986
260766.56870578 7174282.11893599
261085.92774526 7173793.94814408
261067.14194623 7173681.29335212
261029.57027217 7173596.8022782
260982.6057366 7173390.26846619
261010.78447314 7173362.10478825
261236.21436548 7173240.06209027
261339.53637414 7173108.63148628
261236.21436548 7173042.91618428
261170.46395489 7173174.34678828
260879.28365195 7173183.73469429
260710.21130868 7173324.55316419
260710.21130868 7173409.04427822
260813.53331734 7173446.59586217
260804.14037984 7173502.92325816
260456.6026798 7174103.74884203
260419.03100575 7174113.13674805
259958.77835955 7173747.00865411
259968.17122107 7173596.8022782
259752.13426624 7173587.41437218
259864.84921241 7173709.45707016
259883.63501144 7173915.99084206
260221.77984995 7174404.16163397
260287.53026055 7174732.73814395
260174.81531438 7174798.45340585
260221.77984995 7174995.59931183
260259.351524 7175042.5388018
260202.99405092 7175061.31461383
260127.8507788 7175014.37512386
260015.13583263 7174836.0050299
259958.77835955 7174892.33242588
259977.56415858 7175127.02991583
260156.02951534 7175286.62419776
260202.99405092 7175483.77010375
260090.27910475 7175821.73447964
259695.77679315 7176356.84476152
259489.13277583 7176413.1721575
259301.27448156 7176478.8874595
259226.13120944 7176431.94796953
259263.70288349 7176291.12945952
259329.4532181 7176253.57787557
259291.88162003 7176131.53517759
259254.30994598 7175962.55298965
259329.4532181 7175756.01917764
259291.88162003 7175596.42489571
259310.66741907 7175511.93378169
259226.13120944 7175436.83061378
259216.73827193 7175230.29680178
259038.27299115 7174929.88400984
258972.52258056 7174911.10823791
258991.30845558 7175211.52098975
258925.55804498 7175305.40000979
258981.91551807 7175371.11531178
258934.95098249 7175596.42489571
258812.84309881 7175906.22559366
258794.05729978 7176047.04406357
258690.73529112 7176197.25047959
258587.41320647 7176169.08676154
258512.26993435 7176065.8198756
258540.4486709 7175793.5708017
258455.91246127 7175840.51029167
258211.69676989 7175737.24340572
258192.91089487 7175784.18289568
258211.69676989 7175925.00136559
258202.30383238 7176178.47466756
258174.12509584 7176206.6383856
257723.26531116 7176056.43196958
257723.26531116 7175962.55298965
257779.62278425 7175605.81280173
257986.26687755 7175220.90889576
257948.6952035 7175145.80572785
257742.05118618 7175033.15089579
257450.87088325 7175051.92670782
257356.9418121 7175258.46051982
257413.29928518 7175540.09749973
257385.12054864 7175643.36438568
257516.62129384 7175878.06187562
257526.01423135 7176018.88038563
257187.86939284 7176028.26829164
257159.6906563 7175680.91596963
257075.15444667 7175511.93378169
257037.58277262 7175605.81280173
257065.76150916 7175690.30387565
257037.58277262 7175793.5708017
256737.00960816 7175934.3892716
256690.04507258 7176028.26829164
256558.54432738 7175971.94089566
256558.54432738 7175906.22559366
256661.86633604 7175840.51029167
256643.08053701 7175765.40708366
256577.33012641 7175643.36438568
256483.40097928 7175840.51029167
256389.47190813 7175896.83768765
256267.36402445 7175962.55298965
256257.97108694 7176065.8198756
256229.79235039 7176150.31098962
255835.29011478 7176309.90527155
255468.96653973 7176356.84476152
255182.49117806 7176397.66721038
254806.77474149 7176369.50353244
254665.88105877 7176087.86655253
254647.09525974 7175928.27223049
254891.31095111 7175712.35055258
255041.59749535 7175684.18687464
255135.52664249 7175684.18687464
255116.74084345 7175580.91994859
255004.02589728 7175505.81678068
254900.70388862 7175515.20464659
254778.59600494 7175440.10147868
254750.4172684 7175308.67087469
254872.52515208 7175149.07659276
254985.24002226 7175027.03389478
255116.74084345 7174858.05170683
255201.27705308 7174698.4573848
255407.9210704 7174632.7420828
255623.95802523 7174660.90580084
255849.38791757 7174632.7420828
256131.175283 7174585.80259283
256079.42168894 7174432.22974693
256019.32407706 7174237.01663568
256139.51930082 7174041.80356454
257266.34992255 7173426.13152158
257341.47199439 7173396.09873215
257431.61845021 7173170.85287158
257867.32626933 7173050.72171386
258092.69240888 7172825.47585328
258137.76563678 7172735.37748499
258002.54595306 7172750.39389976
257777.17981352 7172780.42668919
257356.49637837 7172870.52501738
256605.27596388 7173230.91841033
256379.90982434 7173336.03315329
256319.81221246 7173606.32821806
256199.6169127 7173801.5412892
255763.90909358 7174086.85272864
255613.66502588 7173996.75440045
255688.78702174 7173756.49212511
255793.95793751 7173546.2626392
255808.98232149 7173381.08231738
255703.8114817 7173200.88562091
255613.66502588 7172975.63976033
255553.567414 7173155.83645681
255553.567414 7173366.06594272
255448.39649822 7173666.39375682
255192.98159073 7173936.68882159
254847.42015143 7174206.98384625
254742.24931164 7174206.98384625
254802.34692353 7173966.72161102
254832.39576746 7173516.22984977
254667.1272398 7173591.31180329
254351.61472043 7173636.36100749
254321.56587649 7173501.21347511
254381.66348837 7173215.90203567
254291.51703256 7173155.83645681
254171.32180879 7173170.85287158
254126.24858088 7173035.70533919
254126.24858088 7172690.3283209
253915.90682532 7172960.62338567
253690.54076176 7173140.82008215
253495.22339016 7173125.80366738
253314.93047853 7173050.72171386
253239.80848267 7172915.57418147
253239.80848267 7172765.41027442
253104.58879895 7172795.44306385
252924.29588731 7172825.47585328
252849.17381547 7172915.57418147
252774.05181961 7172930.59059624
252593.75890798 7172885.54143214
252383.41715241 7172945.6069709
252233.17308471 7172975.63976033
