271007.447033 7169453.850048
271256.967390 7169453.850048
271506.487747 7169453.850048
271756.008104 7169453.850048
272005.528462 7169453.850048
272255.048819 7169453.850048
272504.569176 7169453.850048
271256.967390 7169624.497744
271506.487747 7169624.497744
271756.008104 7169624.497744
272005.528462 7169624.497744
272255.048819 7169624.497744
272504.569176 7169624.497744
271506.487747 7169795.145439
271756.008104 7169795.145439
272005.528462 7169795.145439
272255.048819 7169795.145439
271756.008104 7169965.793135
272005.528462 7169965.793135
272255.048819 7169965.793135
263521.836315 7170136.440830
267763.682388 7170136.440830
268013.202746 7170136.440830
271756.008104 7170136.440830
272005.528462 7170136.440830
272255.048819 7170136.440830
263521.836315 7170307.088526
263771.356672 7170307.088526
267763.682388 7170307.088526
268013.202746 7170307.088526
271756.008104 7170307.088526
272005.528462 7170307.088526
272255.048819 7170307.088526
272504.569176 7170307.088526
272754.089533 7170307.088526
273003.609891 7170307.088526
273253.130248 7170307.088526
263022.795600 7170477.736221
263521.836315 7170477.736221
268013.202746 7170477.736221
268761.763817 7170477.736221
271506.487747 7170477.736221
271756.008104 7170477.736221
272005.528462 7170477.736221
272255.048819 7170477.736221
272504.569176 7170477.736221
272754.089533 7170477.736221
273253.130248 7170477.736221
273502.650605 7170477.736221
263272.315958 7170648.383917
263521.836315 7170648.383917
263771.356672 7170648.383917
268013.202746 7170648.383917
268262.723103 7170648.383917
268512.243460 7170648.383917
271756.008104 7170648.383917
272005.528462 7170648.383917
272255.048819 7170648.383917
272504.569176 7170648.383917
263022.795600 7170819.031612
263272.315958 7170819.031612
263521.836315 7170819.031612
263771.356672 7170819.031612
268013.202746 7170819.031612
268262.723103 7170819.031612
268512.243460 7170819.031612
271756.008104 7170819.031612
272005.528462 7170819.031612
272255.048819 7170819.031612
272504.569176 7170819.031612
263521.836315 7170989.679308
263771.356672 7170989.679308
264020.877029 7170989.679308
265767.519530 7170989.679308
266017.039888 7170989.679308
266266.560245 7170989.679308
268512.243460 7170989.679308
271756.008104 7170989.679308
272005.528462 7170989.679308
272255.048819 7170989.679308
263521.836315 7171160.327003
263771.356672 7171160.327003
264020.877029 7171160.327003
266017.039888 7171160.327003
266266.560245 7171160.327003
266516.080602 7171160.327003
266765.600959 7171160.327003
267015.121317 7171160.327003
267264.641674 7171160.327003
268512.243460 7171160.327003
271506.487747 7171160.327003
271756.008104 7171160.327003
272005.528462 7171160.327003
272255.048819 7171160.327003
263521.836315 7171330.974699
263771.356672 7171330.974699
266266.560245 7171330.974699
266516.080602 7171330.974699
266765.600959 7171330.974699
267015.121317 7171330.974699
267264.641674 7171330.974699
267514.162031 7171330.974699
267763.682388 7171330.974699
268512.243460 7171330.974699
268761.763817 7171330.974699
271506.487747 7171330.974699
271756.008104 7171330.974699
272005.528462 7171330.974699
272255.048819 7171330.974699
263521.836315 7171501.622394
263771.356672 7171501.622394
266017.039888 7171501.622394
266266.560245 7171501.622394
266516.080602 7171501.622394
266765.600959 7171501.622394
267015.121317 7171501.622394
267264.641674 7171501.622394
267514.162031 7171501.622394
267763.682388 7171501.622394
268013.202746 7171501.622394
268512.243460 7171501.622394
268761.763817 7171501.622394
271506.487747 7171501.622394
271756.008104 7171501.622394
272005.528462 7171501.622394
272255.048819 7171501.622394
263521.836315 7171672.270090
263771.356672 7171672.270090
265767.519530 7171672.270090
266017.039888 7171672.270090
266266.560245 7171672.270090
266516.080602 7171672.270090
266765.600959 7171672.270090
267015.121317 7171672.270090
267264.641674 7171672.270090
267514.162031 7171672.270090
267763.682388 7171672.270090
268013.202746 7171672.270090
268262.723103 7171672.270090
268512.243460 7171672.270090
268761.763817 7171672.270090
270508.406318 7171672.270090
271007.447033 7171672.270090
271506.487747 7171672.270090
271756.008104 7171672.270090
272005.528462 7171672.270090
272255.048819 7171672.270090
263272.315958 7171842.917785
263521.836315 7171842.917785
263771.356672 7171842.917785
265767.519530 7171842.917785
266017.039888 7171842.917785
266266.560245 7171842.917785
266516.080602 7171842.917785
266765.600959 7171842.917785
267015.121317 7171842.917785
267264.641674 7171842.917785
267514.162031 7171842.917785
267763.682388 7171842.917785
268013.202746 7171842.917785
268262.723103 7171842.917785
268512.243460 7171842.917785
268761.763817 7171842.917785
269011.284175 7171842.917785
271256.967390 7171842.917785
271506.487747 7171842.917785
271756.008104 7171842.917785
272005.528462 7171842.917785
263272.315958 7172013.565481
263521.836315 7172013.565481
265767.519530 7172013.565481
266017.039888 7172013.565481
266266.560245 7172013.565481
266516.080602 7172013.565481
267264.641674 7172013.565481
267514.162031 7172013.565481
267763.682388 7172013.565481
268013.202746 7172013.565481
268262.723103 7172013.565481
268512.243460 7172013.565481
268761.763817 7172013.565481
269011.284175 7172013.565481
269260.804532 7172013.565481
269759.845246 7172013.565481
270508.406318 7172013.565481
270757.926675 7172013.565481
271007.447033 7172013.565481
271256.967390 7172013.565481
271506.487747 7172013.565481
271756.008104 7172013.565481
262773.275243 7172184.213176
263272.315958 7172184.213176
263521.836315 7172184.213176
263771.356672 7172184.213176
264020.877029 7172184.213176
264519.917744 7172184.213176
265767.519530 7172184.213176
266017.039888 7172184.213176
266266.560245 7172184.213176
267264.641674 7172184.213176
267763.682388 7172184.213176
268013.202746 7172184.213176
268262.723103 7172184.213176
268512.243460 7172184.213176
268761.763817 7172184.213176
269011.284175 7172184.213176
269260.804532 7172184.213176
269510.324889 7172184.213176
269759.845246 7172184.213176
270009.365604 7172184.213176
270258.885961 7172184.213176
270508.406318 7172184.213176
270757.926675 7172184.213176
271007.447033 7172184.213176
271256.967390 7172184.213176
271506.487747 7172184.213176
262773.275243 7172354.860872
263022.795600 7172354.860872
263272.315958 7172354.860872
263521.836315 7172354.860872
263771.356672 7172354.860872
264020.877029 7172354.860872
264270.397387 7172354.860872
265767.519530 7172354.860872
266017.039888 7172354.860872
266266.560245 7172354.860872
267763.682388 7172354.860872
268013.202746 7172354.860872
268262.723103 7172354.860872
268512.243460 7172354.860872
268761.763817 7172354.860872
269011.284175 7172354.860872
269260.804532 7172354.860872
269510.324889 7172354.860872
269759.845246 7172354.860872
270009.365604 7172354.860872
270258.885961 7172354.860872
270508.406318 7172354.860872
270757.926675 7172354.860872
271007.447033 7172354.860872
271256.967390 7172354.860872
271506.487747 7172354.860872
249299.175951 7172525.508567
262773.275243 7172525.508567
263022.795600 7172525.508567
263272.315958 7172525.508567
263521.836315 7172525.508567
263771.356672 7172525.508567
265268.478816 7172525.508567
265517.999173 7172525.508567
265767.519530 7172525.508567
266017.039888 7172525.508567
266266.560245 7172525.508567
268512.243460 7172525.508567
268761.763817 7172525.508567
269011.284175 7172525.508567
269260.804532 7172525.508567
269510.324889 7172525.508567
269759.845246 7172525.508567
270009.365604 7172525.508567
270258.885961 7172525.508567
270508.406318 7172525.508567
270757.926675 7172525.508567
271007.447033 7172525.508567
271256.967390 7172525.508567
271506.487747 7172525.508567
249299.175951 7172696.156263
249548.696308 7172696.156263
249798.216666 7172696.156263
250047.737023 7172696.156263
262773.275243 7172696.156263
263022.795600 7172696.156263
263272.315958 7172696.156263
263521.836315 7172696.156263
263771.356672 7172696.156263
265517.999173 7172696.156263
265767.519530 7172696.156263
266017.039888 7172696.156263
266266.560245 7172696.156263
268761.763817 7172696.156263
269011.284175 7172696.156263
269260.804532 7172696.156263
269510.324889 7172696.156263
269759.845246 7172696.156263
270009.365604 7172696.156263
270258.885961 7172696.156263
270508.406318 7172696.156263
270757.926675 7172696.156263
249299.175951 7172866.803958
249548.696308 7172866.803958
249798.216666 7172866.803958
250047.737023 7172866.803958
253041.981310 7172866.803958
254040.062739 7172866.803958
257533.347741 7172866.803958
257782.868098 7172866.803958
258032.388455 7172866.803958
262274.234529 7172866.803958
262523.754886 7172866.803958
262773.275243 7172866.803958
263022.795600 7172866.803958
263272.315958 7172866.803958
263521.836315 7172866.803958
263771.356672 7172866.803958
265517.999173 7172866.803958
265767.519530 7172866.803958
266017.039888 7172866.803958
266266.560245 7172866.803958
266516.080602 7172866.803958
268761.763817 7172866.803958
269759.845246 7172866.803958
249299.175951 7173037.451654
249548.696308 7173037.451654
249798.216666 7173037.451654
250047.737023 7173037.451654
252043.899881 7173037.451654
252293.420238 7173037.451654
252542.940596 7173037.451654
252792.460953 7173037.451654
253041.981310 7173037.451654
253291.501667 7173037.451654
254040.062739 7173037.451654
257034.307026 7173037.451654
257283.827383 7173037.451654
257533.347741 7173037.451654
257782.868098 7173037.451654
262274.234529 7173037.451654
262523.754886 7173037.451654
262773.275243 7173037.451654
263022.795600 7173037.451654
263272.315958 7173037.451654
263521.836315 7173037.451654
263771.356672 7173037.451654
264020.877029 7173037.451654
264270.397387 7173037.451654
264519.917744 7173037.451654
265767.519530 7173037.451654
266017.039888 7173037.451654
266266.560245 7173037.451654
266516.080602 7173037.451654
268761.763817 7173037.451654
269759.845246 7173037.451654
249049.655594 7173208.099349
249299.175951 7173208.099349
249548.696308 7173208.099349
249798.216666 7173208.099349
250047.737023 7173208.099349
251544.859167 7173208.099349
251794.379524 7173208.099349
252043.899881 7173208.099349
252293.420238 7173208.099349
252542.940596 7173208.099349
252792.460953 7173208.099349
253041.981310 7173208.099349
253291.501667 7173208.099349
253541.022025 7173208.099349
253790.542382 7173208.099349
254040.062739 7173208.099349
254289.583096 7173208.099349
256784.786669 7173208.099349
257034.307026 7173208.099349
257283.827383 7173208.099349
261026.632742 7173208.099349
262274.234529 7173208.099349
262523.754886 7173208.099349
262773.275243 7173208.099349
263022.795600 7173208.099349
263272.315958 7173208.099349
263521.836315 7173208.099349
263771.356672 7173208.099349
264020.877029 7173208.099349
264270.397387 7173208.099349
264519.917744 7173208.099349
265767.519530 7173208.099349
266017.039888 7173208.099349
266266.560245 7173208.099349
266516.080602 7173208.099349
249049.655594 7173378.747045
249299.175951 7173378.747045
249548.696308 7173378.747045
249798.216666 7173378.747045
250047.737023 7173378.747045
250297.257380 7173378.747045
250546.777738 7173378.747045
250796.298095 7173378.747045
251045.818452 7173378.747045
251295.338809 7173378.747045
251544.859167 7173378.747045
251794.379524 7173378.747045
252043.899881 7173378.747045
252293.420238 7173378.747045
252542.940596 7173378.747045
252792.460953 7173378.747045
253041.981310 7173378.747045
253291.501667 7173378.747045
253541.022025 7173378.747045
253790.542382 7173378.747045
254040.062739 7173378.747045
254289.583096 7173378.747045
255786.705240 7173378.747045
256535.266312 7173378.747045
256784.786669 7173378.747045
257034.307026 7173378.747045
257283.827383 7173378.747045
260777.112385 7173378.747045
262024.714171 7173378.747045
262274.234529 7173378.747045
262523.754886 7173378.747045
262773.275243 7173378.747045
263022.795600 7173378.747045
263272.315958 7173378.747045
263521.836315 7173378.747045
263771.356672 7173378.747045
264020.877029 7173378.747045
264270.397387 7173378.747045
264519.917744 7173378.747045
265517.999173 7173378.747045
265767.519530 7173378.747045
266017.039888 7173378.747045
266266.560245 7173378.747045
266516.080602 7173378.747045
249299.175951 7173549.394740
249548.696308 7173549.394740
249798.216666 7173549.394740
250047.737023 7173549.394740
250297.257380 7173549.394740
250546.777738 7173549.394740
250796.298095 7173549.394740
251045.818452 7173549.394740
251295.338809 7173549.394740
251544.859167 7173549.394740
251794.379524 7173549.394740
252043.899881 7173549.394740
252293.420238 7173549.394740
252542.940596 7173549.394740
252792.460953 7173549.394740
253041.981310 7173549.394740
253291.501667 7173549.394740
253541.022025 7173549.394740
253790.542382 7173549.394740
254040.062739 7173549.394740
254289.583096 7173549.394740
254788.623811 7173549.394740
255537.184883 7173549.394740
255786.705240 7173549.394740
256535.266312 7173549.394740
256784.786669 7173549.394740
257034.307026 7173549.394740
261775.193814 7173549.394740
262024.714171 7173549.394740
262274.234529 7173549.394740
262523.754886 7173549.394740
262773.275243 7173549.394740
263022.795600 7173549.394740
263272.315958 7173549.394740
263521.836315 7173549.394740
263771.356672 7173549.394740
264020.877029 7173549.394740
264270.397387 7173549.394740
264519.917744 7173549.394740
265767.519530 7173549.394740
266017.039888 7173549.394740
266266.560245 7173549.394740
266516.080602 7173549.394740
266765.600959 7173549.394740
267514.162031 7173549.394740
249299.175951 7173720.042436
249548.696308 7173720.042436
249798.216666 7173720.042436
250047.737023 7173720.042436
250297.257380 7173720.042436
250546.777738 7173720.042436
250796.298095 7173720.042436
251045.818452 7173720.042436
251295.338809 7173720.042436
251544.859167 7173720.042436
251794.379524 7173720.042436
252043.899881 7173720.042436
252293.420238 7173720.042436
252542.940596 7173720.042436
252792.460953 7173720.042436
253041.981310 7173720.042436
253291.501667 7173720.042436
253541.022025 7173720.042436
253790.542382 7173720.042436
254040.062739 7173720.042436
254289.583096 7173720.042436
254539.103454 7173720.042436
254788.623811 7173720.042436
255537.184883 7173720.042436
256285.745954 7173720.042436
256535.266312 7173720.042436
260777.112385 7173720.042436
261026.632742 7173720.042436
261775.193814 7173720.042436
262024.714171 7173720.042436
262274.234529 7173720.042436
262523.754886 7173720.042436
262773.275243 7173720.042436
263022.795600 7173720.042436
263272.315958 7173720.042436
263521.836315 7173720.042436
263771.356672 7173720.042436
264020.877029 7173720.042436
264270.397387 7173720.042436
264519.917744 7173720.042436
264769.438101 7173720.042436
265018.958458 7173720.042436
266017.039888 7173720.042436
266266.560245 7173720.042436
266516.080602 7173720.042436
266765.600959 7173720.042436
267015.121317 7173720.042436
267264.641674 7173720.042436
249299.175951 7173890.690131
249548.696308 7173890.690131
249798.216666 7173890.690131
250047.737023 7173890.690131
250297.257380 7173890.690131
250546.777738 7173890.690131
250796.298095 7173890.690131
251045.818452 7173890.690131
251295.338809 7173890.690131
251544.859167 7173890.690131
251794.379524 7173890.690131
252043.899881 7173890.690131
252293.420238 7173890.690131
252542.940596 7173890.690131
252792.460953 7173890.690131
253041.981310 7173890.690131
253291.501667 7173890.690131
253541.022025 7173890.690131
253790.542382 7173890.690131
254040.062739 7173890.690131
254289.583096 7173890.690131
254539.103454 7173890.690131
254788.623811 7173890.690131
255287.664525 7173890.690131
255537.184883 7173890.690131
256285.745954 7173890.690131
260028.551313 7173890.690131
260777.112385 7173890.690131
261525.673457 7173890.690131
261775.193814 7173890.690131
262024.714171 7173890.690131
262274.234529 7173890.690131
262523.754886 7173890.690131
262773.275243 7173890.690131
263022.795600 7173890.690131
263272.315958 7173890.690131
263521.836315 7173890.690131
263771.356672 7173890.690131
264020.877029 7173890.690131
264270.397387 7173890.690131
264519.917744 7173890.690131
264769.438101 7173890.690131
265018.958458 7173890.690131
266266.560245 7173890.690131
266516.080602 7173890.690131
266765.600959 7173890.690131
267015.121317 7173890.690131
249798.216666 7174061.337827
250047.737023 7174061.337827
250297.257380 7174061.337827
250546.777738 7174061.337827
250796.298095 7174061.337827
251045.818452 7174061.337827
251295.338809 7174061.337827
251544.859167 7174061.337827
251794.379524 7174061.337827
252043.899881 7174061.337827
252293.420238 7174061.337827
252542.940596 7174061.337827
252792.460953 7174061.337827
253041.981310 7174061.337827
253291.501667 7174061.337827
253541.022025 7174061.337827
253790.542382 7174061.337827
254040.062739 7174061.337827
254289.583096 7174061.337827
254539.103454 7174061.337827
255038.144168 7174061.337827
255287.664525 7174061.337827
255537.184883 7174061.337827
256036.225597 7174061.337827
260028.551313 7174061.337827
260278.071671 7174061.337827
260527.592028 7174061.337827
260777.112385 7174061.337827
261276.153100 7174061.337827
261525.673457 7174061.337827
261775.193814 7174061.337827
262024.714171 7174061.337827
262274.234529 7174061.337827
262523.754886 7174061.337827
262773.275243 7174061.337827
263022.795600 7174061.337827
263272.315958 7174061.337827
263521.836315 7174061.337827
263771.356672 7174061.337827
264020.877029 7174061.337827
264270.397387 7174061.337827
264519.917744 7174061.337827
264769.438101 7174061.337827
265018.958458 7174061.337827
266266.560245 7174061.337827
266516.080602 7174061.337827
266765.600959 7174061.337827
267015.121317 7174061.337827
249798.216666 7174231.985522
250047.737023 7174231.985522
250297.257380 7174231.985522
250546.777738 7174231.985522
250796.298095 7174231.985522
251045.818452 7174231.985522
251295.338809 7174231.985522
251544.859167 7174231.985522
251794.379524 7174231.985522
252043.899881 7174231.985522
252293.420238 7174231.985522
252542.940596 7174231.985522
253291.501667 7174231.985522
253541.022025 7174231.985522
253790.542382 7174231.985522
254040.062739 7174231.985522
254289.583096 7174231.985522
254539.103454 7174231.985522
254788.623811 7174231.985522
255038.144168 7174231.985522
255287.664525 7174231.985522
255537.184883 7174231.985522
255786.705240 7174231.985522
260278.071671 7174231.985522
260527.592028 7174231.985522
260777.112385 7174231.985522
261276.153100 7174231.985522
261525.673457 7174231.985522
261775.193814 7174231.985522
262024.714171 7174231.985522
262274.234529 7174231.985522
262523.754886 7174231.985522
262773.275243 7174231.985522
263771.356672 7174231.985522
264020.877029 7174231.985522
264270.397387 7174231.985522
264519.917744 7174231.985522
264769.438101 7174231.985522
265018.958458 7174231.985522
266516.080602 7174231.985522
266765.600959 7174231.985522
267015.121317 7174231.985522
267264.641674 7174231.985522
249798.216666 7174402.633218
250047.737023 7174402.633218
250297.257380 7174402.633218
250546.777738 7174402.633218
250796.298095 7174402.633218
251045.818452 7174402.633218
251295.338809 7174402.633218
251544.859167 7174402.633218
252293.420238 7174402.633218
253541.022025 7174402.633218
253790.542382 7174402.633218
254040.062739 7174402.633218
254289.583096 7174402.633218
254539.103454 7174402.633218
254788.623811 7174402.633218
255038.144168 7174402.633218
255287.664525 7174402.633218
255537.184883 7174402.633218
255786.705240 7174402.633218
256036.225597 7174402.633218
260278.071671 7174402.633218
260527.592028 7174402.633218
261026.632742 7174402.633218
261276.153100 7174402.633218
261525.673457 7174402.633218
261775.193814 7174402.633218
262024.714171 7174402.633218
262274.234529 7174402.633218
262523.754886 7174402.633218
262773.275243 7174402.633218
263771.356672 7174402.633218
264020.877029 7174402.633218
264270.397387 7174402.633218
264519.917744 7174402.633218
264769.438101 7174402.633218
265018.958458 7174402.633218
265268.478816 7174402.633218
266765.600959 7174402.633218
267015.121317 7174402.633218
267264.641674 7174402.633218
249798.216666 7174573.280913
250796.298095 7174573.280913
251045.818452 7174573.280913
251295.338809 7174573.280913
251544.859167 7174573.280913
253541.022025 7174573.280913
253790.542382 7174573.280913
254040.062739 7174573.280913
254289.583096 7174573.280913
254539.103454 7174573.280913
254788.623811 7174573.280913
255038.144168 7174573.280913
255287.664525 7174573.280913
255537.184883 7174573.280913
255786.705240 7174573.280913
256036.225597 7174573.280913
260278.071671 7174573.280913
260527.592028 7174573.280913
261026.632742 7174573.280913
261276.153100 7174573.280913
261525.673457 7174573.280913
261775.193814 7174573.280913
262024.714171 7174573.280913
262523.754886 7174573.280913
262773.275243 7174573.280913
263771.356672 7174573.280913
264270.397387 7174573.280913
264519.917744 7174573.280913
264769.438101 7174573.280913
265018.958458 7174573.280913
265268.478816 7174573.280913
266516.080602 7174573.280913
266765.600959 7174573.280913
267015.121317 7174573.280913
267264.641674 7174573.280913
267514.162031 7174573.280913
267763.682388 7174573.280913
251045.818452 7174743.928609
251295.338809 7174743.928609
251544.859167 7174743.928609
253541.022025 7174743.928609
253790.542382 7174743.928609
254040.062739 7174743.928609
254289.583096 7174743.928609
254539.103454 7174743.928609
254788.623811 7174743.928609
255038.144168 7174743.928609
260278.071671 7174743.928609
260527.592028 7174743.928609
260777.112385 7174743.928609
261026.632742 7174743.928609
261276.153100 7174743.928609
261525.673457 7174743.928609
261775.193814 7174743.928609
262773.275243 7174743.928609
264519.917744 7174743.928609
264769.438101 7174743.928609
265018.958458 7174743.928609
265268.478816 7174743.928609
266765.600959 7174743.928609
267015.121317 7174743.928609
267264.641674 7174743.928609
267514.162031 7174743.928609
267763.682388 7174743.928609
251045.818452 7174914.576304
251295.338809 7174914.576304
251544.859167 7174914.576304
253541.022025 7174914.576304
253790.542382 7174914.576304
254040.062739 7174914.576304
254289.583096 7174914.576304
254539.103454 7174914.576304
254788.623811 7174914.576304
255038.144168 7174914.576304
260028.551313 7174914.576304
260278.071671 7174914.576304
260527.592028 7174914.576304
260777.112385 7174914.576304
261026.632742 7174914.576304
261276.153100 7174914.576304
261525.673457 7174914.576304
264519.917744 7174914.576304
264769.438101 7174914.576304
265018.958458 7174914.576304
265268.478816 7174914.576304
266516.080602 7174914.576304
267015.121317 7174914.576304
267264.641674 7174914.576304
267514.162031 7174914.576304
267763.682388 7174914.576304
251045.818452 7175085.224000
251295.338809 7175085.224000
251544.859167 7175085.224000
253541.022025 7175085.224000
253790.542382 7175085.224000
254040.062739 7175085.224000
254289.583096 7175085.224000
254539.103454 7175085.224000
254788.623811 7175085.224000
257533.347741 7175085.224000
257782.868098 7175085.224000
259030.469884 7175085.224000
260028.551313 7175085.224000
260278.071671 7175085.224000
260527.592028 7175085.224000
260777.112385 7175085.224000
261026.632742 7175085.224000
261276.153100 7175085.224000
261525.673457 7175085.224000
264519.917744 7175085.224000
264769.438101 7175085.224000
265018.958458 7175085.224000
265268.478816 7175085.224000
265517.999173 7175085.224000
267015.121317 7175085.224000
267264.641674 7175085.224000
267514.162031 7175085.224000
267763.682388 7175085.224000
250546.777738 7175255.871695
250796.298095 7175255.871695
251045.818452 7175255.871695
251295.338809 7175255.871695
251544.859167 7175255.871695
251794.379524 7175255.871695
253291.501667 7175255.871695
253541.022025 7175255.871695
253790.542382 7175255.871695
254040.062739 7175255.871695
254289.583096 7175255.871695
254539.103454 7175255.871695
254788.623811 7175255.871695
257533.347741 7175255.871695
257782.868098 7175255.871695
259030.469884 7175255.871695
260278.071671 7175255.871695
260527.592028 7175255.871695
260777.112385 7175255.871695
261026.632742 7175255.871695
261276.153100 7175255.871695
261525.673457 7175255.871695
264769.438101 7175255.871695
265018.958458 7175255.871695
265268.478816 7175255.871695
265517.999173 7175255.871695
267264.641674 7175255.871695
267514.162031 7175255.871695
267763.682388 7175255.871695
251045.818452 7175426.519391
251295.338809 7175426.519391
251544.859167 7175426.519391
251794.379524 7175426.519391
253041.981310 7175426.519391
253291.501667 7175426.519391
253541.022025 7175426.519391
253790.542382 7175426.519391
254040.062739 7175426.519391
254289.583096 7175426.519391
254539.103454 7175426.519391
257533.347741 7175426.519391
257782.868098 7175426.519391
259030.469884 7175426.519391
260278.071671 7175426.519391
260527.592028 7175426.519391
260777.112385 7175426.519391
261026.632742 7175426.519391
264769.438101 7175426.519391
265018.958458 7175426.519391
265268.478816 7175426.519391
265517.999173 7175426.519391
267264.641674 7175426.519391
267514.162031 7175426.519391
267763.682388 7175426.519391
268013.202746 7175426.519391
250796.298095 7175597.167086
251045.818452 7175597.167086
253041.981310 7175597.167086
253790.542382 7175597.167086
254040.062739 7175597.167086
254289.583096 7175597.167086
254539.103454 7175597.167086
254788.623811 7175597.167086
255038.144168 7175597.167086
257533.347741 7175597.167086
257782.868098 7175597.167086
259030.469884 7175597.167086
259279.990242 7175597.167086
260278.071671 7175597.167086
260527.592028 7175597.167086
260777.112385 7175597.167086
261026.632742 7175597.167086
264769.438101 7175597.167086
265018.958458 7175597.167086
265268.478816 7175597.167086
267264.641674 7175597.167086
267514.162031 7175597.167086
267763.682388 7175597.167086
268013.202746 7175597.167086
250796.298095 7175767.814782
253790.542382 7175767.814782
254040.062739 7175767.814782
254289.583096 7175767.814782
254539.103454 7175767.814782
254788.623811 7175767.814782
256535.266312 7175767.814782
257533.347741 7175767.814782
258281.908813 7175767.814782
259030.469884 7175767.814782
259279.990242 7175767.814782
260278.071671 7175767.814782
260527.592028 7175767.814782
260777.112385 7175767.814782
261026.632742 7175767.814782
264769.438101 7175767.814782
265018.958458 7175767.814782
265268.478816 7175767.814782
265517.999173 7175767.814782
267264.641674 7175767.814782
267514.162031 7175767.814782
267763.682388 7175767.814782
268013.202746 7175767.814782
268512.243460 7175767.814782
269011.284175 7175767.814782
269260.804532 7175767.814782
269510.324889 7175767.814782
250796.298095 7175938.462477
253790.542382 7175938.462477
254040.062739 7175938.462477
254289.583096 7175938.462477
254539.103454 7175938.462477
256535.266312 7175938.462477
256784.786669 7175938.462477
257034.307026 7175938.462477
257533.347741 7175938.462477
258281.908813 7175938.462477
259030.469884 7175938.462477
260028.551313 7175938.462477
260278.071671 7175938.462477
260527.592028 7175938.462477
260777.112385 7175938.462477
261026.632742 7175938.462477
261276.153100 7175938.462477
264519.917744 7175938.462477
264769.438101 7175938.462477
265018.958458 7175938.462477
265268.478816 7175938.462477
267514.162031 7175938.462477
267763.682388 7175938.462477
268013.202746 7175938.462477
268262.723103 7175938.462477
268512.243460 7175938.462477
268761.763817 7175938.462477
269011.284175 7175938.462477
269260.804532 7175938.462477
269510.324889 7175938.462477
250546.777738 7176109.110173
250796.298095 7176109.110173
253790.542382 7176109.110173
254040.062739 7176109.110173
254289.583096 7176109.110173
254539.103454 7176109.110173
256285.745954 7176109.110173
256535.266312 7176109.110173
256784.786669 7176109.110173
257034.307026 7176109.110173
257283.827383 7176109.110173
257533.347741 7176109.110173
257782.868098 7176109.110173
258281.908813 7176109.110173
258531.429170 7176109.110173
258780.949527 7176109.110173
259030.469884 7176109.110173
259279.990242 7176109.110173
260028.551313 7176109.110173
260278.071671 7176109.110173
260527.592028 7176109.110173
260777.112385 7176109.110173
261026.632742 7176109.110173
261276.153100 7176109.110173
261525.673457 7176109.110173
264270.397387 7176109.110173
264519.917744 7176109.110173
264769.438101 7176109.110173
265018.958458 7176109.110173
265268.478816 7176109.110173
267763.682388 7176109.110173
268013.202746 7176109.110173
268262.723103 7176109.110173
268512.243460 7176109.110173
268761.763817 7176109.110173
269011.284175 7176109.110173
269260.804532 7176109.110173
269510.324889 7176109.110173
253790.542382 7176279.757868
254040.062739 7176279.757868
254289.583096 7176279.757868
254539.103454 7176279.757868
256036.225597 7176279.757868
256285.745954 7176279.757868
256535.266312 7176279.757868
256784.786669 7176279.757868
257034.307026 7176279.757868
257283.827383 7176279.757868
257533.347741 7176279.757868
257782.868098 7176279.757868
258032.388455 7176279.757868
258281.908813 7176279.757868
258531.429170 7176279.757868
258780.949527 7176279.757868
259030.469884 7176279.757868
259279.990242 7176279.757868
259779.030956 7176279.757868
260028.551313 7176279.757868
260278.071671 7176279.757868
260527.592028 7176279.757868
260777.112385 7176279.757868
261026.632742 7176279.757868
261525.673457 7176279.757868
264519.917744 7176279.757868
264769.438101 7176279.757868
265018.958458 7176279.757868
265268.478816 7176279.757868
267514.162031 7176279.757868
267763.682388 7176279.757868
268013.202746 7176279.757868
268262.723103 7176279.757868
268512.243460 7176279.757868
268761.763817 7176279.757868
269011.284175 7176279.757868
269260.804532 7176279.757868
253790.542382 7176450.405564
254040.062739 7176450.405564
254289.583096 7176450.405564
254539.103454 7176450.405564
254788.623811 7176450.405564
255038.144168 7176450.405564
255287.664525 7176450.405564
255537.184883 7176450.405564
255786.705240 7176450.405564
256036.225597 7176450.405564
256285.745954 7176450.405564
256535.266312 7176450.405564
256784.786669 7176450.405564
257034.307026 7176450.405564
257283.827383 7176450.405564
257533.347741 7176450.405564
257782.868098 7176450.405564
258032.388455 7176450.405564
258281.908813 7176450.405564
258531.429170 7176450.405564
258780.949527 7176450.405564
259030.469884 7176450.405564
259529.510599 7176450.405564
259779.030956 7176450.405564
260028.551313 7176450.405564
260278.071671 7176450.405564
260527.592028 7176450.405564
260777.112385 7176450.405564
261026.632742 7176450.405564
261276.153100 7176450.405564
264270.397387 7176450.405564
264519.917744 7176450.405564
264769.438101 7176450.405564
265018.958458 7176450.405564
265268.478816 7176450.405564
267514.162031 7176450.405564
267763.682388 7176450.405564
268013.202746 7176450.405564
268262.723103 7176450.405564
268512.243460 7176450.405564
268761.763817 7176450.405564
269011.284175 7176450.405564
269260.804532 7176450.405564
254289.583096 7176621.053259
254539.103454 7176621.053259
254788.623811 7176621.053259
255038.144168 7176621.053259
255287.664525 7176621.053259
255537.184883 7176621.053259
255786.705240 7176621.053259
256036.225597 7176621.053259
256285.745954 7176621.053259
256535.266312 7176621.053259
256784.786669 7176621.053259
257034.307026 7176621.053259
257283.827383 7176621.053259
257533.347741 7176621.053259
257782.868098 7176621.053259
258032.388455 7176621.053259
258281.908813 7176621.053259
258531.429170 7176621.053259
258780.949527 7176621.053259
259030.469884 7176621.053259
259279.990242 7176621.053259
259529.510599 7176621.053259
259779.030956 7176621.053259
260028.551313 7176621.053259
260278.071671 7176621.053259
260527.592028 7176621.053259
260777.112385 7176621.053259
261026.632742 7176621.053259
261276.153100 7176621.053259
264020.877029 7176621.053259
264270.397387 7176621.053259
264519.917744 7176621.053259
264769.438101 7176621.053259
265018.958458 7176621.053259
267264.641674 7176621.053259
267514.162031 7176621.053259
267763.682388 7176621.053259
268013.202746 7176621.053259
268262.723103 7176621.053259
268512.243460 7176621.053259
268761.763817 7176621.053259
269011.284175 7176621.053259
269260.804532 7176621.053259
254040.062739 7176791.700955
254289.583096 7176791.700955
254539.103454 7176791.700955
254788.623811 7176791.700955
255038.144168 7176791.700955
255287.664525 7176791.700955
255537.184883 7176791.700955
255786.705240 7176791.700955
256036.225597 7176791.700955
256285.745954 7176791.700955
256535.266312 7176791.700955
256784.786669 7176791.700955
257034.307026 7176791.700955
257283.827383 7176791.700955
257533.347741 7176791.700955
257782.868098 7176791.700955
258032.388455 7176791.700955
258281.908813 7176791.700955
258531.429170 7176791.700955
258780.949527 7176791.700955
259030.469884 7176791.700955
259279.990242 7176791.700955
259529.510599 7176791.700955
259779.030956 7176791.700955
260028.551313 7176791.700955
260278.071671 7176791.700955
260527.592028 7176791.700955
260777.112385 7176791.700955
261276.153100 7176791.700955
264020.877029 7176791.700955
264270.397387 7176791.700955
264519.917744 7176791.700955
264769.438101 7176791.700955
265018.958458 7176791.700955
265268.478816 7176791.700955
265517.999173 7176791.700955
267264.641674 7176791.700955
267514.162031 7176791.700955
267763.682388 7176791.700955
268013.202746 7176791.700955
268262.723103 7176791.700955
268512.243460 7176791.700955
254289.583096 7176962.348650
254539.103454 7176962.348650
254788.623811 7176962.348650
255038.144168 7176962.348650
255287.664525 7176962.348650
255537.184883 7176962.348650
255786.705240 7176962.348650
256036.225597 7176962.348650
256285.745954 7176962.348650
256535.266312 7176962.348650
256784.786669 7176962.348650
257034.307026 7176962.348650
257283.827383 7176962.348650
257533.347741 7176962.348650
257782.868098 7176962.348650
258032.388455 7176962.348650
258281.908813 7176962.348650
258531.429170 7176962.348650
258780.949527 7176962.348650
259030.469884 7176962.348650
259279.990242 7176962.348650
259529.510599 7176962.348650
259779.030956 7176962.348650
260028.551313 7176962.348650
260278.071671 7176962.348650
260527.592028 7176962.348650
263771.356672 7176962.348650
264020.877029 7176962.348650
264270.397387 7176962.348650
264519.917744 7176962.348650
264769.438101 7176962.348650
265517.999173 7176962.348650
267763.682388 7176962.348650
268013.202746 7176962.348650
268262.723103 7176962.348650
268512.243460 7176962.348650
254539.103454 7177132.996346
254788.623811 7177132.996346
255038.144168 7177132.996346
255287.664525 7177132.996346
255537.184883 7177132.996346
255786.705240 7177132.996346
256036.225597 7177132.996346
256285.745954 7177132.996346
256535.266312 7177132.996346
256784.786669 7177132.996346
257034.307026 7177132.996346
257283.827383 7177132.996346
257533.347741 7177132.996346
257782.868098 7177132.996346
258032.388455 7177132.996346
258281.908813 7177132.996346
258531.429170 7177132.996346
258780.949527 7177132.996346
259030.469884 7177132.996346
259279.990242 7177132.996346
259529.510599 7177132.996346
259779.030956 7177132.996346
260028.551313 7177132.996346
260278.071671 7177132.996346
260527.592028 7177132.996346
263521.836315 7177132.996346
263771.356672 7177132.996346
264020.877029 7177132.996346
264270.397387 7177132.996346
264519.917744 7177132.996346
264769.438101 7177132.996346
268013.202746 7177132.996346
268262.723103 7177132.996346
268512.243460 7177132.996346
254539.103454 7177303.644041
254788.623811 7177303.644041
255038.144168 7177303.644041
255287.664525 7177303.644041
255537.184883 7177303.644041
255786.705240 7177303.644041
256036.225597 7177303.644041
256285.745954 7177303.644041
256535.266312 7177303.644041
256784.786669 7177303.644041
257283.827383 7177303.644041
257533.347741 7177303.644041
258281.908813 7177303.644041
258531.429170 7177303.644041
258780.949527 7177303.644041
259030.469884 7177303.644041
259279.990242 7177303.644041
259529.510599 7177303.644041
259779.030956 7177303.644041
260028.551313 7177303.644041
263272.315958 7177303.644041
263521.836315 7177303.644041
263771.356672 7177303.644041
264020.877029 7177303.644041
264270.397387 7177303.644041
264519.917744 7177303.644041
268013.202746 7177303.644041
268262.723103 7177303.644041
268512.243460 7177303.644041
268761.763817 7177303.644041
254539.103454 7177474.291737
254788.623811 7177474.291737
255287.664525 7177474.291737
255537.184883 7177474.291737
255786.705240 7177474.291737
256036.225597 7177474.291737
256285.745954 7177474.291737
256535.266312 7177474.291737
258531.429170 7177474.291737
258780.949527 7177474.291737
263521.836315 7177474.291737
263771.356672 7177474.291737
264020.877029 7177474.291737
264270.397387 7177474.291737
268013.202746 7177474.291737
268262.723103 7177474.291737
268512.243460 7177474.291737
268761.763817 7177474.291737
254289.583096 7177644.939432
254539.103454 7177644.939432
255287.664525 7177644.939432
255537.184883 7177644.939432
255786.705240 7177644.939432
256036.225597 7177644.939432
256285.745954 7177644.939432
256535.266312 7177644.939432
258281.908813 7177644.939432
258531.429170 7177644.939432
258780.949527 7177644.939432
263521.836315 7177644.939432
263771.356672 7177644.939432
264020.877029 7177644.939432
264270.397387 7177644.939432
268262.723103 7177644.939432
268512.243460 7177644.939432
268761.763817 7177644.939432
254040.062739 7177815.587128
254289.583096 7177815.587128
254539.103454 7177815.587128
255287.664525 7177815.587128
255537.184883 7177815.587128
255786.705240 7177815.587128
256036.225597 7177815.587128
256285.745954 7177815.587128
256535.266312 7177815.587128
258281.908813 7177815.587128
259030.469884 7177815.587128
263521.836315 7177815.587128
263771.356672 7177815.587128
264020.877029 7177815.587128
268262.723103 7177815.587128
268512.243460 7177815.587128
268761.763817 7177815.587128
253790.542382 7177986.234823
254040.062739 7177986.234823
254289.583096 7177986.234823
254539.103454 7177986.234823
255287.664525 7177986.234823
255537.184883 7177986.234823
255786.705240 7177986.234823
256285.745954 7177986.234823
256535.266312 7177986.234823
258281.908813 7177986.234823
263521.836315 7177986.234823
263771.356672 7177986.234823
264020.877029 7177986.234823
268262.723103 7177986.234823
268512.243460 7177986.234823
268761.763817 7177986.234823
269011.284175 7177986.234823
269260.804532 7177986.234823
269510.324889 7177986.234823
254040.062739 7178156.882519
255287.664525 7178156.882519
255537.184883 7178156.882519
255786.705240 7178156.882519
256535.266312 7178156.882519
256784.786669 7178156.882519
263022.795600 7178156.882519
263272.315958 7178156.882519
263521.836315 7178156.882519
263771.356672 7178156.882519
264020.877029 7178156.882519
267514.162031 7178156.882519
268262.723103 7178156.882519
268512.243460 7178156.882519
268761.763817 7178156.882519
269011.284175 7178156.882519
269260.804532 7178156.882519
254040.062739 7178327.530214
255287.664525 7178327.530214
255537.184883 7178327.530214
255786.705240 7178327.530214
256535.266312 7178327.530214
263022.795600 7178327.530214
263272.315958 7178327.530214
263521.836315 7178327.530214
263771.356672 7178327.530214
264020.877029 7178327.530214
267763.682388 7178327.530214
268262.723103 7178327.530214
268512.243460 7178327.530214
268761.763817 7178327.530214
269011.284175 7178327.530214
255038.144168 7178498.177910
255287.664525 7178498.177910
255537.184883 7178498.177910
255786.705240 7178498.177910
256535.266312 7178498.177910
256784.786669 7178498.177910
263022.795600 7178498.177910
263272.315958 7178498.177910
263521.836315 7178498.177910
263771.356672 7178498.177910
264020.877029 7178498.177910
267763.682388 7178498.177910
268013.202746 7178498.177910
268262.723103 7178498.177910
268512.243460 7178498.177910
268761.763817 7178498.177910
269011.284175 7178498.177910
255038.144168 7178668.825605
255287.664525 7178668.825605
255537.184883 7178668.825605
256535.266312 7178668.825605
256784.786669 7178668.825605
262773.275243 7178668.825605
263272.315958 7178668.825605
263521.836315 7178668.825605
263771.356672 7178668.825605
264020.877029 7178668.825605
267763.682388 7178668.825605
268013.202746 7178668.825605
268262.723103 7178668.825605
268512.243460 7178668.825605
255038.144168 7178839.473301
255287.664525 7178839.473301
255537.184883 7178839.473301
256535.266312 7178839.473301
256784.786669 7178839.473301
263521.836315 7178839.473301
263771.356672 7178839.473301
264020.877029 7178839.473301
264270.397387 7178839.473301
264519.917744 7178839.473301
266266.560245 7178839.473301
267514.162031 7178839.473301
267763.682388 7178839.473301
268013.202746 7178839.473301
268262.723103 7178839.473301
268512.243460 7178839.473301
254788.623811 7179010.120996
255038.144168 7179010.120996
255287.664525 7179010.120996
255537.184883 7179010.120996
256535.266312 7179010.120996
256784.786669 7179010.120996
263521.836315 7179010.120996
263771.356672 7179010.120996
264020.877029 7179010.120996
264270.397387 7179010.120996
264519.917744 7179010.120996
266266.560245 7179010.120996
267015.121317 7179010.120996
267264.641674 7179010.120996
267514.162031 7179010.120996
267763.682388 7179010.120996
268013.202746 7179010.120996
268262.723103 7179010.120996
254539.103454 7179180.768692
254788.623811 7179180.768692
255038.144168 7179180.768692
255287.664525 7179180.768692
256784.786669 7179180.768692
263771.356672 7179180.768692
264020.877029 7179180.768692
264270.397387 7179180.768692
264519.917744 7179180.768692
264769.438101 7179180.768692
265018.958458 7179180.768692
266516.080602 7179180.768692
266765.600959 7179180.768692
267015.121317 7179180.768692
267264.641674 7179180.768692
267514.162031 7179180.768692
267763.682388 7179180.768692
268013.202746 7179180.768692
268262.723103 7179180.768692
254539.103454 7179351.416387
254788.623811 7179351.416387
255038.144168 7179351.416387
255287.664525 7179351.416387
256784.786669 7179351.416387
263771.356672 7179351.416387
264020.877029 7179351.416387
264270.397387 7179351.416387
264519.917744 7179351.416387
264769.438101 7179351.416387
265018.958458 7179351.416387
265268.478816 7179351.416387
265517.999173 7179351.416387
265767.519530 7179351.416387
266266.560245 7179351.416387
266516.080602 7179351.416387
266765.600959 7179351.416387
267015.121317 7179351.416387
267264.641674 7179351.416387
267514.162031 7179351.416387
267763.682388 7179351.416387
268013.202746 7179351.416387
254289.583096 7179522.064083
254539.103454 7179522.064083
254788.623811 7179522.064083
255038.144168 7179522.064083
255287.664525 7179522.064083
256784.786669 7179522.064083
263022.795600 7179522.064083
263272.315958 7179522.064083
264020.877029 7179522.064083
264270.397387 7179522.064083
264519.917744 7179522.064083
264769.438101 7179522.064083
265018.958458 7179522.064083
265268.478816 7179522.064083
265517.999173 7179522.064083
265767.519530 7179522.064083
266017.039888 7179522.064083
266266.560245 7179522.064083
266516.080602 7179522.064083
266765.600959 7179522.064083
267015.121317 7179522.064083
267264.641674 7179522.064083
267514.162031 7179522.064083
267763.682388 7179522.064083
268013.202746 7179522.064083
254040.062739 7179692.711778
254289.583096 7179692.711778
254539.103454 7179692.711778
254788.623811 7179692.711778
255038.144168 7179692.711778
255287.664525 7179692.711778
256784.786669 7179692.711778
262523.754886 7179692.711778
262773.275243 7179692.711778
263022.795600 7179692.711778
263272.315958 7179692.711778
263521.836315 7179692.711778
264020.877029 7179692.711778
264270.397387 7179692.711778
264519.917744 7179692.711778
264769.438101 7179692.711778
265018.958458 7179692.711778
265268.478816 7179692.711778
265517.999173 7179692.711778
265767.519530 7179692.711778
266017.039888 7179692.711778
266266.560245 7179692.711778
266516.080602 7179692.711778
266765.600959 7179692.711778
267015.121317 7179692.711778
267264.641674 7179692.711778
267514.162031 7179692.711778
267763.682388 7179692.711778
268013.202746 7179692.711778
253790.542382 7179863.359474
254040.062739 7179863.359474
254289.583096 7179863.359474
254539.103454 7179863.359474
254788.623811 7179863.359474
255038.144168 7179863.359474
255287.664525 7179863.359474
262024.714171 7179863.359474
262274.234529 7179863.359474
262523.754886 7179863.359474
262773.275243 7179863.359474
263022.795600 7179863.359474
263272.315958 7179863.359474
263521.836315 7179863.359474
263771.356672 7179863.359474
264020.877029 7179863.359474
264270.397387 7179863.359474
264519.917744 7179863.359474
264769.438101 7179863.359474
265018.958458 7179863.359474
265268.478816 7179863.359474
265517.999173 7179863.359474
265767.519530 7179863.359474
266017.039888 7179863.359474
266266.560245 7179863.359474
266516.080602 7179863.359474
266765.600959 7179863.359474
267015.121317 7179863.359474
267264.641674 7179863.359474
267514.162031 7179863.359474
267763.682388 7179863.359474
268013.202746 7179863.359474
253291.501667 7180034.007169
253541.022025 7180034.007169
253790.542382 7180034.007169
254040.062739 7180034.007169
254289.583096 7180034.007169
254539.103454 7180034.007169
254788.623811 7180034.007169
255038.144168 7180034.007169
262024.714171 7180034.007169
262274.234529 7180034.007169
262523.754886 7180034.007169
263022.795600 7180034.007169
263272.315958 7180034.007169
263521.836315 7180034.007169
263771.356672 7180034.007169
264020.877029 7180034.007169
264270.397387 7180034.007169
264769.438101 7180034.007169
265018.958458 7180034.007169
265268.478816 7180034.007169
265517.999173 7180034.007169
265767.519530 7180034.007169
266017.039888 7180034.007169
266266.560245 7180034.007169
266516.080602 7180034.007169
266765.600959 7180034.007169
267015.121317 7180034.007169
267264.641674 7180034.007169
267514.162031 7180034.007169
267763.682388 7180034.007169
268013.202746 7180034.007169
268262.723103 7180034.007169
254788.623811 7180204.654865
255038.144168 7180204.654865
262024.714171 7180204.654865
263022.795600 7180204.654865
263272.315958 7180204.654865
263521.836315 7180204.654865
263771.356672 7180204.654865
264020.877029 7180204.654865
264270.397387 7180204.654865
265517.999173 7180204.654865
266017.039888 7180204.654865
266516.080602 7180204.654865
266765.600959 7180204.654865
267015.121317 7180204.654865
267264.641674 7180204.654865
267514.162031 7180204.654865
267763.682388 7180204.654865
268013.202746 7180204.654865
268262.723103 7180204.654865
268512.243460 7180204.654865
268761.763817 7180204.654865
254539.103454 7180375.302560
254788.623811 7180375.302560
255038.144168 7180375.302560
262024.714171 7180375.302560
262523.754886 7180375.302560
262773.275243 7180375.302560
263022.795600 7180375.302560
263272.315958 7180375.302560
263521.836315 7180375.302560
263771.356672 7180375.302560
265517.999173 7180375.302560
266765.600959 7180375.302560
267015.121317 7180375.302560
267264.641674 7180375.302560
267514.162031 7180375.302560
267763.682388 7180375.302560
268013.202746 7180375.302560
268262.723103 7180375.302560
254539.103454 7180545.950256
254788.623811 7180545.950256
255038.144168 7180545.950256
262523.754886 7180545.950256
262773.275243 7180545.950256
263022.795600 7180545.950256
263272.315958 7180545.950256
263521.836315 7180545.950256
266765.600959 7180545.950256
267015.121317 7180545.950256
267264.641674 7180545.950256
267514.162031 7180545.950256
267763.682388 7180545.950256
268013.202746 7180545.950256
268262.723103 7180545.950256
254539.103454 7180716.597951
254788.623811 7180716.597951
255038.144168 7180716.597951
263272.315958 7180716.597951
263521.836315 7180716.597951
263771.356672 7180716.597951
266765.600959 7180716.597951
267015.121317 7180716.597951
267264.641674 7180716.597951
267514.162031 7180716.597951
267763.682388 7180716.597951
268013.202746 7180716.597951
268262.723103 7180716.597951
254788.623811 7180887.245647
255038.144168 7180887.245647
255287.664525 7180887.245647
263521.836315 7180887.245647
263771.356672 7180887.245647
264020.877029 7180887.245647
266516.080602 7180887.245647
266765.600959 7180887.245647
268013.202746 7180887.245647
268262.723103 7180887.245647
254788.623811 7181057.893342
255038.144168 7181057.893342
263521.836315 7181057.893342
263771.356672 7181057.893342
264020.877029 7181057.893342
266516.080602 7181057.893342
267763.682388 7181057.893342
268013.202746 7181057.893342
268262.723103 7181057.893342
254539.103454 7181228.541038
254788.623811 7181228.541038
263272.315958 7181228.541038
263521.836315 7181228.541038
263771.356672 7181228.541038
264020.877029 7181228.541038
264270.397387 7181228.541038
266516.080602 7181228.541038
267514.162031 7181228.541038
267763.682388 7181228.541038
268013.202746 7181228.541038
254539.103454 7181399.188733
254788.623811 7181399.188733
263022.795600 7181399.188733
263272.315958 7181399.188733
263521.836315 7181399.188733
263771.356672 7181399.188733
264020.877029 7181399.188733
264270.397387 7181399.188733
266266.560245 7181399.188733
267514.162031 7181399.188733
267763.682388 7181399.188733
268013.202746 7181399.188733
269510.324889 7181399.188733
270009.365604 7181399.188733
254289.583096 7181569.836429
254539.103454 7181569.836429
254788.623811 7181569.836429
262523.754886 7181569.836429
262773.275243 7181569.836429
263022.795600 7181569.836429
263272.315958 7181569.836429
263521.836315 7181569.836429
263771.356672 7181569.836429
264020.877029 7181569.836429
266266.560245 7181569.836429
267264.641674 7181569.836429
267514.162031 7181569.836429
267763.682388 7181569.836429
268013.202746 7181569.836429
268512.243460 7181569.836429
268761.763817 7181569.836429
269011.284175 7181569.836429
269260.804532 7181569.836429
269510.324889 7181569.836429
269759.845246 7181569.836429
270009.365604 7181569.836429
254289.583096 7181740.484124
254539.103454 7181740.484124
254788.623811 7181740.484124
255038.144168 7181740.484124
262274.234529 7181740.484124
262523.754886 7181740.484124
262773.275243 7181740.484124
263022.795600 7181740.484124
263272.315958 7181740.484124
263521.836315 7181740.484124
263771.356672 7181740.484124
264020.877029 7181740.484124
267264.641674 7181740.484124
267514.162031 7181740.484124
267763.682388 7181740.484124
268013.202746 7181740.484124
268262.723103 7181740.484124
268512.243460 7181740.484124
268761.763817 7181740.484124
269011.284175 7181740.484124
269260.804532 7181740.484124
269510.324889 7181740.484124
269759.845246 7181740.484124
253790.542382 7181911.131820
254040.062739 7181911.131820
254289.583096 7181911.131820
254539.103454 7181911.131820
254788.623811 7181911.131820
262024.714171 7181911.131820
262274.234529 7181911.131820
262523.754886 7181911.131820
262773.275243 7181911.131820
263022.795600 7181911.131820
263771.356672 7181911.131820
264020.877029 7181911.131820
267264.641674 7181911.131820
267514.162031 7181911.131820
267763.682388 7181911.131820
268013.202746 7181911.131820
268262.723103 7181911.131820
268512.243460 7181911.131820
269260.804532 7181911.131820
269510.324889 7181911.131820
269759.845246 7181911.131820
253541.022025 7182081.779515
253790.542382 7182081.779515
254539.103454 7182081.779515
254788.623811 7182081.779515
255038.144168 7182081.779515
261525.673457 7182081.779515
261775.193814 7182081.779515
262024.714171 7182081.779515
262274.234529 7182081.779515
262523.754886 7182081.779515
262773.275243 7182081.779515
264020.877029 7182081.779515
264270.397387 7182081.779515
267264.641674 7182081.779515
267514.162031 7182081.779515
267763.682388 7182081.779515
268013.202746 7182081.779515
268262.723103 7182081.779515
268512.243460 7182081.779515
269260.804532 7182081.779515
269510.324889 7182081.779515
269759.845246 7182081.779515
270508.406318 7182081.779515
270757.926675 7182081.779515
254788.623811 7182252.427211
255038.144168 7182252.427211
255287.664525 7182252.427211
260777.112385 7182252.427211
261026.632742 7182252.427211
261276.153100 7182252.427211
261525.673457 7182252.427211
261775.193814 7182252.427211
262024.714171 7182252.427211
262274.234529 7182252.427211
262523.754886 7182252.427211
263521.836315 7182252.427211
267015.121317 7182252.427211
267264.641674 7182252.427211
267514.162031 7182252.427211
267763.682388 7182252.427211
268013.202746 7182252.427211
268262.723103 7182252.427211
269510.324889 7182252.427211
269759.845246 7182252.427211
270009.365604 7182252.427211
270258.885961 7182252.427211
270508.406318 7182252.427211
270757.926675 7182252.427211
255038.144168 7182423.074906
255287.664525 7182423.074906
261276.153100 7182423.074906
261525.673457 7182423.074906
261775.193814 7182423.074906
262024.714171 7182423.074906
262274.234529 7182423.074906
262523.754886 7182423.074906
262773.275243 7182423.074906
263022.795600 7182423.074906
263272.315958 7182423.074906
263521.836315 7182423.074906
266765.600959 7182423.074906
267015.121317 7182423.074906
267264.641674 7182423.074906
267514.162031 7182423.074906
267763.682388 7182423.074906
268262.723103 7182423.074906
269260.804532 7182423.074906
269510.324889 7182423.074906
269759.845246 7182423.074906
270009.365604 7182423.074906
270258.885961 7182423.074906
270508.406318 7182423.074906
270757.926675 7182423.074906
255038.144168 7182593.722602
255287.664525 7182593.722602
255537.184883 7182593.722602
261525.673457 7182593.722602
261775.193814 7182593.722602
262274.234529 7182593.722602
262523.754886 7182593.722602
262773.275243 7182593.722602
263022.795600 7182593.722602
263272.315958 7182593.722602
263521.836315 7182593.722602
263771.356672 7182593.722602
266516.080602 7182593.722602
266765.600959 7182593.722602
267015.121317 7182593.722602
267264.641674 7182593.722602
267514.162031 7182593.722602
269011.284175 7182593.722602
269260.804532 7182593.722602
269510.324889 7182593.722602
269759.845246 7182593.722602
270009.365604 7182593.722602
270258.885961 7182593.722602
270508.406318 7182593.722602
270757.926675 7182593.722602
271007.447033 7182593.722602
271256.967390 7182593.722602
271506.487747 7182593.722602
271756.008104 7182593.722602
272005.528462 7182593.722602
272255.048819 7182593.722602
254788.623811 7182764.370297
255038.144168 7182764.370297
261276.153100 7182764.370297
261525.673457 7182764.370297
262523.754886 7182764.370297
262773.275243 7182764.370297
263022.795600 7182764.370297
263272.315958 7182764.370297
263521.836315 7182764.370297
263771.356672 7182764.370297
264020.877029 7182764.370297
266516.080602 7182764.370297
266765.600959 7182764.370297
267264.641674 7182764.370297
269011.284175 7182764.370297
269260.804532 7182764.370297
269759.845246 7182764.370297
270757.926675 7182764.370297
271007.447033 7182764.370297
271256.967390 7182764.370297
271506.487747 7182764.370297
271756.008104 7182764.370297
254539.103454 7182935.017993
254788.623811 7182935.017993
261026.632742 7182935.017993
261276.153100 7182935.017993
263022.795600 7182935.017993
263272.315958 7182935.017993
263521.836315 7182935.017993
263771.356672 7182935.017993
264020.877029 7182935.017993
266516.080602 7182935.017993
267264.641674 7182935.017993
268761.763817 7182935.017993
269011.284175 7182935.017993
269759.845246 7182935.017993
270009.365604 7182935.017993
271506.487747 7182935.017993
271756.008104 7182935.017993
254289.583096 7183105.665688
254539.103454 7183105.665688
262773.275243 7183105.665688
263022.795600 7183105.665688
263272.315958 7183105.665688
264020.877029 7183105.665688
264270.397387 7183105.665688
267264.641674 7183105.665688
268761.763817 7183105.665688
269510.324889 7183105.665688
269759.845246 7183105.665688
270009.365604 7183105.665688
271506.487747 7183105.665688
271756.008104 7183105.665688
254289.583096 7183276.313384
262773.275243 7183276.313384
263022.795600 7183276.313384
264270.397387 7183276.313384
267264.641674 7183276.313384
268761.763817 7183276.313384
269510.324889 7183276.313384
269759.845246 7183276.313384
270009.365604 7183276.313384
271506.487747 7183276.313384
271756.008104 7183276.313384
272005.528462 7183276.313384
254040.062739 7183446.961079
262523.754886 7183446.961079
262773.275243 7183446.961079
263022.795600 7183446.961079
267264.641674 7183446.961079
268761.763817 7183446.961079
269260.804532 7183446.961079
269510.324889 7183446.961079
270009.365604 7183446.961079
270258.885961 7183446.961079
271506.487747 7183446.961079
272005.528462 7183446.961079
262523.754886 7183617.608775
262773.275243 7183617.608775
263022.795600 7183617.608775
263272.315958 7183617.608775
268761.763817 7183617.608775
269011.284175 7183617.608775
269260.804532 7183617.608775
269510.324889 7183617.608775
270009.365604 7183617.608775
270258.885961 7183617.608775
270508.406318 7183617.608775
272255.048819 7183617.608775
272504.569176 7183617.608775
262274.234529 7183788.256470
262523.754886 7183788.256470
262773.275243 7183788.256470
263022.795600 7183788.256470
263272.315958 7183788.256470
263521.836315 7183788.256470
263771.356672 7183788.256470
268512.243460 7183788.256470
268761.763817 7183788.256470
269011.284175 7183788.256470
269260.804532 7183788.256470
270258.885961 7183788.256470
270508.406318 7183788.256470
262274.234529 7183958.904166
263272.315958 7183958.904166
263521.836315 7183958.904166
263771.356672 7183958.904166
268512.243460 7183958.904166
268761.763817 7183958.904166
269011.284175 7183958.904166
270258.885961 7183958.904166
270508.406318 7183958.904166
270757.926675 7183958.904166
262024.714171 7184129.551861
263272.315958 7184129.551861
263521.836315 7184129.551861
263771.356672 7184129.551861
268761.763817 7184129.551861
270258.885961 7184129.551861
270508.406318 7184129.551861
270757.926675 7184129.551861
272754.089533 7184129.551861
263272.315958 7184300.199557
263521.836315 7184300.199557
263771.356672 7184300.199557
264020.877029 7184300.199557
268761.763817 7184300.199557
270258.885961 7184300.199557
270508.406318 7184300.199557
270757.926675 7184300.199557
272754.089533 7184300.199557
263022.795600 7184470.847252
263272.315958 7184470.847252
263521.836315 7184470.847252
263771.356672 7184470.847252
264020.877029 7184470.847252
268761.763817 7184470.847252
270009.365604 7184470.847252
270508.406318 7184470.847252
270757.926675 7184470.847252
272754.089533 7184470.847252
262773.275243 7184641.494948
263022.795600 7184641.494948
263272.315958 7184641.494948
263771.356672 7184641.494948
268512.243460 7184641.494948
269759.845246 7184641.494948
270009.365604 7184641.494948
262773.275243 7184812.142643
263022.795600 7184812.142643
263771.356672 7184812.142643
268512.243460 7184812.142643
269759.845246 7184812.142643
270009.365604 7184812.142643
262523.754886 7184982.790339
262773.275243 7184982.790339
268262.723103 7184982.790339
269759.845246 7184982.790339
270009.365604 7184982.790339
262274.234529 7185153.438034
262523.754886 7185153.438034
263272.315958 7185153.438034
268262.723103 7185153.438034
269759.845246 7185153.438034
261775.193814 7185324.085730
262024.714171 7185324.085730
263022.795600 7185324.085730
263521.836315 7185324.085730
269759.845246 7185324.085730
261775.193814 7185494.733425
262024.714171 7185494.733425
262773.275243 7185494.733425
263521.836315 7185494.733425
269759.845246 7185494.733425
270009.365604 7185494.733425
261525.673457 7185665.381121
262024.714171 7185665.381121
262274.234529 7185665.381121
262523.754886 7185665.381121
262773.275243 7185665.381121
270009.365604 7185665.381121
262523.754886 7185836.028816
270009.365604 7185836.028816
270258.885961 7185836.028816
262523.754886 7186006.676512
263771.356672 7186006.676512
270258.885961 7186006.676512
270009.365604 7186177.324207
270258.885961 7186177.324207
270508.406318 7186177.324207
269759.845246 7186347.971903
270009.365604 7186347.971903
269260.804532 7186518.619598
269510.324889 7186518.619598
269759.845246 7186518.619598
